기준_년월_코드,기준_분기_코드,상권_구분_코드,상권_구분_코드_명,상권_코드,상권_코드_명,총_직장_인구_수,남성_직장_인구_수,여성_직장_인구_수,연령대_10_직장_인구_수,연령대_20_직장_인구_수,연령대_30_직장_인구_수,연령대_40_직장_인구_수,연령대_50_직장_인구_수,연령대_60_이상_직장_인구_수,남성연령대_10_직장_인구_수,남성연령대_20_직장_인구_수,남성연령대_30_직장_인구_수,남성연령대_40_직장_인구_수,남성연령대_50_직장_인구_수,남성연령대_60_이상_직장_인구_수,여성연령대_10_직장_인구_수,여성연령대_20_직장_인구_수,여성연령대_30_직장_인구_수,여성연령대_40_직장_인구_수,여성연령대_50_직장_인구_수,여성연령대_60_이상_직장_인구_수
2021,1,A,골목상권,1000007,북촌로5길,503,419,84,0,31,177,156,102,37,0,19,150,133,88,29,0,12,27,23,14,8
2021,1,A,골목상권,1000756,사당로8길,131,70,61,0,16,19,41,37,18,0,2,9,24,22,13,0,14,10,17,15,5
2021,1,R,전통시장,1001278,남평화시장,5,3,2,0,0,4,0,0,1,0,0,2,0,0,1,0,0,2,0,0,0
2021,1,A,골목상권,1000058,백범로90길,535,288,247,0,62,133,161,112,67,0,28,71,89,57,43,0,34,62,72,55,24
2021,1,A,골목상권,1000059,서빙고로71길,432,265,167,1,40,104,117,81,89,0,14,49,58,64,80,1,26,55,59,17,9
2021,1,A,골목상권,1000060,소월로20길,151,76,75,0,28,48,37,30,8,0,8,24,17,20,7,0,20,24,20,10,1
2021,1,A,골목상권,1000061,신흥로20길,178,118,60,0,26,36,57,37,22,0,11,27,40,27,13,0,15,9,17,10,9
2021,1,A,골목상권,1000062,우사단로10길,570,508,62,1,64,165,163,156,21,0,41,143,156,151,17,1,23,22,7,5,4
2021,1,A,골목상권,1000063,우사단로14길,1987,984,1003,9,439,854,523,137,25,2,107,386,353,120,16,7,332,468,170,17,9
2021,1,A,골목상권,1000064,우사단로4길,308,143,165,0,72,52,54,83,47,0,11,31,32,42,27,0,61,21,22,41,20
2021,1,A,골목상권,1000065,원효로19길,609,435,174,5,69,152,173,124,86,1,33,108,124,99,70,4,36,44,49,25,16
2021,1,A,골목상권,1000066,원효로41길,243,153,90,2,59,54,52,50,26,2,30,39,32,26,24,0,29,15,20,24,2
2021,1,A,골목상권,1000067,원효로53길,341,222,119,7,30,72,85,86,61,6,16,51,61,50,38,1,14,21,24,36,23
2021,1,A,골목상권,1000068,원효로89길,1387,969,418,4,273,447,297,244,122,2,173,325,213,178,78,2,100,122,84,66,44
2021,1,A,골목상권,1000069,이촌로22길,385,307,78,0,38,71,113,138,25,0,21,48,99,124,15,0,17,23,14,14,10
2021,1,A,골목상권,1000070,이태원로27길,567,430,137,1,86,123,136,165,56,1,40,79,114,149,47,0,46,44,22,16,9
2021,1,A,골목상권,1000071,이태원로54길,812,552,260,6,245,319,164,41,37,6,145,233,116,27,25,0,100,86,48,14,12
2021,1,A,골목상권,1000072,장문로45길,242,106,136,0,23,76,58,39,46,0,2,34,16,19,35,0,21,42,42,20,11
2021,1,A,골목상권,1000073,청파로47길,192,87,105,1,18,35,64,39,35,1,7,16,27,16,20,0,11,19,37,23,15
2021,1,A,골목상권,1000074,청파로47나길,259,176,83,0,32,55,68,56,48,0,15,38,54,36,33,0,17,17,14,20,15
2021,1,A,골목상권,1000075,청파로71길,1317,727,590,1,193,334,322,264,203,0,71,146,153,183,174,1,122,188,169,81,29
2021,1,A,골목상권,1000076,청파로73길,248,128,120,1,40,63,61,45,38,0,11,26,27,29,35,1,29,37,34,16,3
2021,1,A,골목상권,1000077,한강대로104길,8152,1754,6398,152,5983,1336,333,182,166,9,597,651,235,136,126,143,5386,685,98,46,40
2021,1,A,골목상권,1000078,한강대로15길,774,417,357,2,166,273,182,92,59,2,54,127,119,69,46,0,112,146,63,23,13
2021,1,A,골목상권,1000079,한강대로43길,1841,1074,767,5,286,556,516,295,183,4,118,312,332,176,132,1,168,244,184,119,51
2021,1,A,골목상권,1000080,한강대로52길,8713,2847,5866,57,2665,3036,2078,653,224,26,938,1015,544,215,109,31,1727,2021,1534,438,115
2021,1,A,골목상권,1000081,한강대로62길,1047,535,512,1,171,234,275,263,103,1,97,112,157,115,53,0,74,122,118,148,50
2021,1,A,골목상권,1000082,한강대로7길,722,462,260,7,153,146,135,114,167,4,88,97,96,68,109,3,65,49,39,46,58
2021,1,A,골목상권,1000083,한강대로88길,224,138,86,0,26,67,46,49,36,0,23,63,25,14,13,0,3,4,21,35,23
2021,1,A,골목상권,1000084,한남대로20길,231,131,100,1,36,84,64,27,19,0,12,45,37,23,14,1,24,39,27,4,5
2021,1,A,골목상권,1000085,회나무로13길,90,45,45,0,13,20,26,23,8,0,7,11,8,12,7,0,6,9,18,11,1
2021,1,A,골목상권,1000086,효창원로39길,163,87,76,0,9,33,42,46,33,0,2,13,21,27,24,0,7,20,21,19,9
2021,1,A,골목상권,1000087,후암로28길,582,313,269,3,107,137,150,121,64,3,29,80,94,63,44,0,78,57,56,58,20
2021,1,A,골목상권,1000088,고산자로6길,704,495,209,1,92,189,204,129,89,0,63,119,143,94,76,1,29,70,61,35,13
2021,1,A,골목상권,1000089,금호산2길,22,12,10,0,1,5,4,4,8,0,0,2,3,4,3,0,1,3,1,0,5
2021,1,A,골목상권,1000090,금호산길,159,83,76,0,22,32,46,32,27,0,6,17,22,19,19,0,16,15,24,13,8
2021,1,A,골목상권,1000091,둘레9길,419,255,164,0,43,96,121,97,62,0,27,48,63,69,48,0,16,48,58,28,14
2021,1,A,골목상권,1000092,뚝섬로5길,2136,1426,710,9,426,739,521,290,151,5,222,511,368,198,122,4,204,228,153,92,29
2021,1,A,골목상권,1000093,마장로27길,197,92,105,1,38,51,38,49,20,0,16,21,15,27,13,1,22,30,23,22,7
2021,1,A,골목상권,1000094,마장로39길,443,258,185,1,49,83,113,115,82,1,32,54,63,61,47,0,17,29,50,54,35
2021,1,A,골목상권,1000095,마조로16길,155,93,62,0,19,29,35,46,26,0,5,17,19,33,19,0,14,12,16,13,7
2021,1,A,골목상권,1000096,마조로1길,30,14,16,0,4,5,11,7,3,0,1,2,6,4,1,0,3,3,5,3,2
2021,1,A,골목상권,1000097,매봉길,60,30,30,1,8,22,10,13,6,0,2,11,7,6,4,1,6,11,3,7,2
2021,1,A,골목상권,1000098,무수막길,164,122,42,0,8,19,21,44,72,0,1,11,14,33,63,0,7,8,7,11,9
2021,1,A,골목상권,1000099,무학로6길,1897,382,1515,4,381,232,304,595,381,0,109,92,84,68,29,4,272,140,220,527,352
2021,1,A,골목상권,1000100,무학봉28길,143,69,74,0,20,39,33,37,14,0,5,17,17,21,9,0,15,22,16,16,5
2021,1,A,골목상권,1000101,무학봉길,22,11,11,0,2,3,3,8,6,0,0,1,1,5,4,0,2,2,2,3,2
2021,1,A,골목상권,1000102,사근동길,78,48,30,2,10,24,19,15,8,2,6,13,12,9,6,0,4,11,7,6,2
2021,1,A,골목상권,1000103,상원12길,398,238,160,0,100,141,95,33,29,0,44,89,63,16,26,0,56,52,32,17,3
2021,1,A,골목상권,1000104,상원길,1919,1334,585,6,327,405,312,404,465,4,234,290,208,273,325,2,93,115,104,131,140
2021,1,A,골목상권,1000105,서울숲2길,335,196,139,0,46,89,104,57,39,0,18,45,59,39,35,0,28,44,45,18,4
2021,1,A,골목상권,1000106,성덕정17길,393,244,149,4,59,82,82,93,73,4,36,55,51,53,45,0,23,27,31,40,28
2021,1,A,골목상권,1000107,성덕정길,227,152,75,0,22,22,61,94,28,0,13,16,41,62,20,0,9,6,20,32,8
2021,1,A,골목상권,1000108,성수이로18길,2988,1968,1020,18,484,709,765,637,375,17,260,480,515,431,265,1,224,229,250,206,110
2021,1,A,골목상권,1000109,성수이로7길,1442,895,547,4,242,400,348,227,221,3,133,249,258,144,108,1,109,151,90,83,113
2021,1,A,골목상권,1000110,성수일로6길,1342,928,414,8,190,288,317,277,262,4,98,171,236,198,221,4,92,117,81,79,41
2021,1,A,골목상권,1000111,송정12라길,94,48,46,0,12,16,26,18,22,0,3,5,12,10,18,0,9,11,14,8,4
2021,1,A,골목상권,1000112,송정4가길,291,123,168,0,32,46,81,63,69,0,5,16,22,25,55,0,27,30,59,38,14
2021,1,A,골목상권,1000113,아차산로11길,3213,2213,1000,24,466,775,870,728,350,23,279,564,615,470,262,1,187,211,255,258,88
2021,1,A,골목상권,1000114,아차산로15길,3361,2374,987,11,591,881,893,595,390,0,335,634,661,420,324,11,256,247,232,175,66
2021,1,A,골목상권,1000115,아차산로5길,1871,1041,830,5,260,467,477,335,327,4,128,268,296,184,161,1,132,199,181,151,166
2021,1,A,골목상권,1000116,왕십리로14길,997,776,221,0,81,112,200,271,333,0,33,77,137,226,303,0,48,35,63,45,30
2021,1,A,골목상권,1000117,왕십리로21길,164,77,87,0,34,34,27,32,37,0,11,17,11,14,24,0,23,17,16,18,13
2021,1,A,골목상권,1000118,왕십리로26길,2076,1357,719,10,306,454,471,480,355,1,118,306,356,355,221,9,188,148,115,125,134
2021,1,A,골목상권,1000119,왕십리로31길,208,95,113,1,23,49,58,41,36,1,7,17,24,19,27,0,16,32,34,22,9
2021,1,A,골목상권,1000120,왕십리로6길,538,350,188,5,63,120,121,156,73,4,30,77,70,117,52,1,33,43,51,39,21
2021,1,A,골목상권,1000121,용답29길,537,360,177,0,89,181,150,76,41,0,48,107,118,54,33,0,41,74,32,22,8
2021,1,A,골목상권,1000122,용답중앙길,93,66,27,1,8,19,28,20,17,1,6,16,20,10,13,0,2,3,8,10,4
2021,1,A,골목상권,1000123,장터길,90,46,44,0,9,26,19,22,14,0,0,14,7,15,10,0,9,12,12,7,4
2021,1,A,골목상권,1000124,청계천로10나길,4951,3728,1223,29,338,805,1117,1783,879,26,215,591,896,1330,670,3,123,214,221,453,209
2021,1,A,골목상권,1000125,한림말3길,3329,1128,2201,0,961,1041,714,416,197,0,199,326,315,195,93,0,762,715,399,221,104
2021,1,A,골목상권,1000126,한림말길,355,174,181,1,79,77,101,69,28,0,37,44,55,23,15,1,42,33,46,46,13
2021,1,A,골목상권,1000127,광나루로12길,60,19,41,0,6,9,10,25,10,0,3,3,6,3,4,0,3,6,4,22,6
2021,1,A,골목상권,1000128,광나루로24길,25,12,13,0,5,8,7,2,3,0,1,3,5,1,2,0,4,5,2,1,1
2021,1,A,골목상권,1000129,광나루로36길,412,169,243,1,56,102,103,110,40,1,18,45,41,33,31,0,38,57,62,77,9
2021,1,A,골목상권,1000130,광나루로37길,60,29,31,0,8,17,22,11,2,0,0,9,14,4,2,0,8,8,8,7,0
2021,1,A,골목상권,1000131,광나루로40길,242,128,114,0,44,44,67,56,31,0,14,18,34,35,27,0,30,26,33,21,4
2021,1,A,골목상권,1000132,광나루로52길,649,395,254,1,113,132,124,103,176,0,62,97,94,52,90,1,51,35,30,51,86
2021,1,A,골목상권,1000133,긴고랑로20길,174,98,76,0,12,32,57,43,30,0,5,18,31,23,21,0,7,14,26,20,9
2021,1,A,골목상권,1000134,긴고랑로7길,460,353,107,1,26,46,86,161,140,0,11,26,56,130,130,1,15,20,30,31,10
2021,1,A,골목상권,1000135,긴고랑로8길,947,573,374,0,167,301,198,155,126,0,68,162,131,105,107,0,99,139,67,50,19
2021,1,A,골목상권,1000136,긴고랑로9길,138,51,87,1,18,30,46,34,9,0,2,9,16,19,5,1,16,21,30,15,4
2021,1,A,골목상권,1000137,능동로13길,221,109,112,1,40,57,52,53,18,1,17,32,22,23,14,0,23,25,30,30,4
2021,1,A,골목상권,1000138,능동로19길,133,77,56,0,45,24,25,24,15,0,19,18,13,15,12,0,26,6,12,9,3
2021,1,A,골목상권,1000139,능동로34길,1018,676,342,3,162,214,218,210,211,0,85,145,144,139,163,3,77,69,74,71,48
2021,1,A,골목상권,1000140,능동로3길,71,45,26,0,6,15,19,16,15,0,0,9,15,11,10,0,6,6,4,5,5
2021,1,A,골목상권,1000141,능동로4길,947,834,113,0,110,253,308,254,22,0,94,221,268,234,17,0,16,32,40,20,5
2021,1,A,골목상권,1000142,동일로18길,79,54,25,0,3,17,28,24,7,0,2,8,19,19,6,0,1,9,9,5,1
2021,1,A,골목상권,1000143,동일로24길,42,32,10,0,2,3,18,10,9,0,1,0,18,8,5,0,1,3,0,2,4
2021,1,A,골목상권,1000144,뚝섬로23길,209,148,61,5,14,22,49,67,52,4,8,14,29,49,44,1,6,8,20,18,8
2021,1,A,골목상권,1000145,뚝섬로24길,111,66,45,0,8,12,28,22,41,0,3,5,17,10,31,0,5,7,11,12,10
2021,1,A,골목상권,1000146,뚝섬로48길,228,134,94,2,32,58,61,52,23,2,20,31,36,28,17,0,12,27,25,24,6
2021,1,A,골목상권,1000147,뚝섬로54길,948,798,150,9,327,243,206,105,58,7,289,216,161,78,47,2,38,27,45,27,11
2021,1,A,골목상권,1000148,뚝섬로58길,278,141,137,0,39,45,67,72,55,0,14,27,32,29,39,0,25,18,35,43,16
2021,1,A,골목상권,1000149,뚝섬로64길,239,127,112,1,37,35,74,52,40,0,18,18,33,29,29,1,19,17,41,23,11
2021,1,A,골목상권,1000150,면목로17길,230,138,92,0,35,45,62,39,49,0,21,24,34,25,34,0,14,21,28,14,15
2021,1,A,골목상권,1000151,아차산로40길,357,207,150,1,96,67,73,59,61,1,46,39,39,34,48,0,50,28,34,25,13
2021,1,A,골목상권,1000152,아차산로51길,432,110,322,1,52,89,175,86,29,1,11,11,38,33,16,0,41,78,137,53,13
2021,1,A,골목상권,1000153,아차산로55길,243,150,93,0,31,67,67,38,40,0,13,35,45,28,29,0,18,32,22,10,11
2021,1,A,골목상권,1000154,아차산로65길,357,214,143,1,44,80,107,78,47,0,21,46,57,54,36,1,23,34,50,24,11
2021,1,A,골목상권,1000155,아차산로78길,575,421,154,0,83,170,156,94,72,0,53,137,109,67,55,0,30,33,47,27,17
2021,1,A,골목상권,1000156,용마산로21길,396,253,143,0,34,61,105,115,81,0,15,41,60,80,57,0,19,20,45,35,24
2021,1,A,골목상권,1000157,용마산로3길,541,431,110,0,112,154,121,81,73,0,92,115,94,62,68,0,20,39,27,19,5
2021,1,A,골목상권,1000158,자양로11길,646,250,396,0,172,118,124,144,88,0,40,33,46,78,53,0,132,85,78,66,35
2021,1,A,골목상권,1000159,자양로15길,106,45,61,0,9,20,32,21,24,0,1,12,11,10,11,0,8,8,21,11,13
2021,1,A,골목상권,1000160,자양로26길,141,91,50,0,10,30,45,28,28,0,6,18,29,15,23,0,4,12,16,13,5
2021,1,A,골목상권,1000161,자양로45길,448,184,264,1,67,86,153,110,31,0,20,45,60,42,17,1,47,41,93,68,14
2021,1,A,골목상권,1000162,자양로50길,218,121,97,0,34,47,57,43,37,0,10,20,34,28,29,0,24,27,23,15,8
2021,1,A,골목상권,1000163,자양로53길,170,120,50,1,25,29,47,39,29,1,18,24,29,24,24,0,7,5,18,15,5
2021,1,A,골목상권,1000164,자양번영로3길,587,462,125,0,28,54,167,231,107,0,16,35,132,192,87,0,12,19,35,39,20
2021,1,A,골목상권,1000165,천호대로109길,915,504,411,0,170,188,225,188,144,0,109,113,121,89,72,0,61,75,104,99,72
2021,1,A,골목상권,1000166,천호대로123길,625,282,343,2,51,92,152,199,129,1,13,41,65,85,77,1,38,51,87,114,52
2021,1,A,골목상권,1000167,천호대로129길,344,207,137,0,37,51,84,93,79,0,18,35,51,47,56,0,19,16,33,46,23
2021,1,A,골목상권,1000168,경희대로3길,28,16,12,0,9,4,5,4,6,0,4,3,2,3,4,0,5,1,3,1,2
2021,1,R,전통시장,1001463,신림중앙시장,43,27,16,0,1,2,14,12,14,0,0,2,7,9,9,0,1,0,7,3,5
2021,1,R,전통시장,1001467,우림시장,1,0,1,0,0,0,1,0,0,0,0,0,0,0,0,0,0,0,1,0,0
2021,1,A,골목상권,1000169,경희대로4길,41,18,23,0,3,10,10,7,11,0,0,5,5,4,4,0,3,5,5,3,7
2021,1,A,골목상권,1000170,난계로30길,4980,2233,2747,6,308,1206,1793,1441,226,1,159,768,738,451,116,5,149,438,1055,990,110
2021,1,A,골목상권,1000171,답십리로23길,47,22,25,0,4,7,17,11,8,0,2,4,6,5,5,0,2,3,11,6,3
2021,1,A,골목상권,1000172,답십리로56길,78,39,39,0,6,9,25,29,9,0,2,4,13,14,6,0,4,5,12,15,3
2021,1,A,골목상권,1000173,답십리로60길,341,213,128,0,25,36,69,89,122,0,12,25,44,60,72,0,13,11,25,29,50
2021,1,A,골목상권,1000174,답십리로63길,1747,1051,696,39,1368,283,39,14,4,23,781,204,32,7,4,16,587,79,7,7,0
2021,1,A,골목상권,1000175,답십리로64길,103,73,30,0,8,13,33,31,18,0,3,7,24,22,17,0,5,6,9,9,1
2021,1,A,골목상권,1000176,답십리로68길,287,158,129,0,31,65,60,81,50,0,14,32,36,40,36,0,17,33,24,41,14
2021,1,A,골목상권,1000177,답십리로69길,533,270,263,1,71,86,126,154,95,0,26,46,64,72,62,1,45,40,62,82,33
2021,1,A,골목상권,1000178,답십리로72길,54,20,34,0,7,13,15,16,3,0,3,6,5,4,2,0,4,7,10,12,1
2021,1,A,골목상권,1000179,망우로18가길,114,75,39,0,9,19,30,43,13,0,7,11,17,30,10,0,2,8,13,13,3
2021,1,A,골목상권,1000180,망우로18길,52,17,35,1,4,9,20,14,4,0,2,3,3,7,2,1,2,6,17,7,2
2021,1,A,골목상권,1000181,망우로21길,96,67,29,0,13,9,18,27,29,0,7,8,10,16,26,0,6,1,8,11,3
2021,1,A,골목상권,1000182,무학로16길,574,441,133,8,80,156,175,110,45,2,51,134,146,75,33,6,29,22,29,35,12
2021,1,A,골목상권,1000183,무학로45길,227,141,86,0,23,39,57,55,53,0,7,27,31,37,39,0,16,12,26,18,14
2021,1,A,골목상권,1000184,사가정로13길,180,65,115,0,12,36,36,54,42,0,1,13,10,15,26,0,11,23,26,39,16
2021,1,A,골목상권,1000185,사가정로23가길,84,46,38,0,6,19,34,19,6,0,4,10,19,10,3,0,2,9,15,9,3
2021,1,A,골목상권,1000186,사가정로2길,268,177,91,1,16,26,41,32,152,0,8,22,24,20,103,1,8,4,17,12,49
2021,1,A,골목상권,1000187,서울시립대로16길,42,14,28,0,4,12,6,12,8,0,2,6,2,3,1,0,2,6,4,9,7
2021,1,A,골목상권,1000188,서울시립대로29길,368,263,105,1,9,26,29,45,258,1,4,14,12,25,207,0,5,12,17,20,51
2021,1,A,골목상권,1000189,서울시립대로4길,404,264,140,3,83,95,79,87,57,3,57,62,45,57,40,0,26,33,34,30,17
2021,1,A,골목상권,1000190,약령시로17길,109,77,32,0,14,31,31,25,8,0,9,21,21,19,7,0,5,10,10,6,1
2021,1,A,골목상권,1000191,왕산로32길,129,64,65,0,36,41,16,21,15,0,11,18,10,14,11,0,25,23,6,7,4
2021,1,A,골목상권,1000192,왕산로33길,72,30,42,0,1,0,19,39,13,0,0,0,8,12,10,0,1,0,11,27,3
2021,1,A,골목상권,1000193,왕산로43길,560,199,361,1,119,130,150,104,56,1,18,35,58,46,41,0,101,95,92,58,15
2021,1,A,골목상권,1000194,이문로42길,48,29,19,0,1,7,14,19,7,0,1,4,9,11,4,0,0,3,5,8,3
2021,1,A,골목상권,1000195,장한로14길,179,98,81,0,26,51,43,33,26,0,11,24,24,18,21,0,15,27,19,15,5
2021,1,A,골목상권,1000196,장한로25길,408,210,198,5,73,92,89,104,45,5,45,59,41,38,22,0,28,33,48,66,23
2021,1,A,골목상권,1000197,장한로26가길,122,87,35,0,9,21,43,35,14,0,5,17,29,26,10,0,4,4,14,9,4
2021,1,A,골목상권,1000198,장한로26길,2436,1696,740,12,476,578,585,488,297,9,328,403,363,343,250,3,148,175,222,145,47
2021,1,A,골목상권,1000199,장한로27가길,148,81,67,0,29,32,22,32,33,0,18,25,13,10,15,0,11,7,9,22,18
2021,1,A,골목상권,1000200,장한로27길,167,119,48,1,28,42,40,24,32,1,21,36,25,18,18,0,7,6,15,6,14
2021,1,A,골목상권,1000201,장한로5길,314,189,125,0,58,81,61,58,56,0,28,43,40,34,44,0,30,38,21,24,12
2021,1,A,골목상권,1000202,장한로8길,438,295,143,0,68,64,84,126,96,0,25,40,55,91,84,0,43,24,29,35,12
2021,1,A,골목상권,1000203,전농로29길,461,336,125,1,55,75,140,150,40,0,36,49,104,119,28,1,19,26,36,31,12
2021,1,A,골목상권,1000204,전농로3길,170,120,50,0,20,32,33,59,26,0,13,24,21,43,19,0,7,8,12,16,7
2021,1,A,골목상권,1000205,전농로4길,274,210,64,0,11,58,88,67,50,0,8,49,67,46,40,0,3,9,21,21,10
2021,1,A,골목상권,1000206,제기로21길,101,62,39,0,11,28,43,13,6,0,6,19,27,7,3,0,5,9,16,6,3
2021,1,A,골목상권,1000207,제기로5길,45,39,6,0,1,9,15,9,11,0,1,8,12,8,10,0,0,1,3,1,1
2021,1,A,골목상권,1000208,천장산로7길,74,32,42,0,18,16,19,15,6,0,5,9,8,7,3,0,13,7,11,8,3
2021,1,A,골목상권,1000209,천호대로12길,55,35,20,0,4,9,12,18,12,0,3,3,10,10,9,0,1,6,2,8,3
2021,1,A,골목상권,1000210,천호대로17길,2512,1893,619,13,465,723,603,428,280,7,362,536,460,315,213,6,103,187,143,113,67
2021,1,A,골목상권,1000211,천호대로45길,47,38,9,0,1,13,20,8,5,0,0,11,17,6,4,0,1,2,3,2,1
2021,1,A,골목상권,1000212,천호대로77길,169,111,58,0,26,28,46,41,28,0,13,18,32,26,22,0,13,10,14,15,6
2021,1,A,골목상권,1000213,천호대로97길,878,590,288,0,70,82,103,194,429,0,54,64,76,133,263,0,16,18,27,61,166
2021,1,A,골목상권,1000214,한천로14길,696,440,256,2,87,134,177,185,111,2,59,89,118,108,64,0,28,45,59,77,47
2021,1,A,골목상권,1000215,한천로33길,203,76,127,0,12,21,76,76,18,0,10,11,26,17,12,0,2,10,50,59,6
2021,1,A,골목상권,1000216,한천로40길,90,57,33,0,9,9,17,37,18,0,4,6,9,24,14,0,5,3,8,13,4
2021,1,A,골목상권,1000217,한천로46길,257,101,156,1,29,69,82,62,14,1,9,32,26,26,7,0,20,37,56,36,7
2021,1,A,골목상권,1000218,휘경로14길,113,41,72,0,9,18,22,33,31,0,2,5,10,14,10,0,7,13,12,19,21
2021,1,A,골목상권,1000219,휘경로23길,89,56,33,0,15,16,34,16,8,0,5,13,21,9,8,0,10,3,13,7,0
2021,1,A,골목상권,1000220,휘경로2길,138,88,50,0,23,26,40,31,18,0,7,14,28,25,14,0,16,12,12,6,4
2021,1,A,골목상권,1000221,휘경로3길,127,69,58,0,23,32,28,28,16,0,9,13,17,20,10,0,14,19,11,8,6
2021,1,A,골목상권,1000222,겸재로29길,126,74,52,0,24,21,24,29,28,0,14,8,12,20,20,0,10,13,12,9,8
2021,1,A,골목상권,1000223,겸재로36길,134,60,74,0,22,24,29,35,24,0,1,12,14,20,13,0,21,12,15,15,11
2021,1,A,골목상권,1000224,겸재로54길,131,79,52,0,12,22,35,32,30,0,9,18,15,19,18,0,3,4,20,13,12
2021,1,A,골목상권,1000225,공릉로12가길,75,50,25,0,6,17,16,19,17,0,5,9,7,15,14,0,1,8,9,4,3
2021,1,A,골목상권,1000226,공릉로2길,148,69,79,0,7,25,40,48,28,0,5,10,13,18,23,0,2,15,27,30,5
2021,1,A,골목상권,1000227,답십리로75길,57,33,24,0,9,8,18,14,8,0,1,3,11,10,8,0,8,5,7,4,0
2021,1,A,골목상권,1000228,동일로100길,328,240,88,0,41,42,51,96,98,0,17,25,28,79,91,0,24,17,23,17,7
2021,1,A,골목상권,1000229,동일로101길,202,58,144,1,26,33,37,80,25,0,6,13,14,18,7,1,20,20,23,62,18
2021,1,A,골목상권,1000230,동일로112길,193,120,73,0,18,29,52,46,48,0,10,10,31,32,37,0,8,19,21,14,11
2021,1,A,골목상권,1000231,동일로123길,145,74,71,0,14,26,41,29,35,0,6,13,21,12,22,0,8,13,20,17,13
2021,1,A,골목상권,1000232,동일로130길,130,99,31,0,6,32,44,31,17,0,2,23,35,24,15,0,4,9,9,7,2
2021,1,A,골목상권,1000233,동일로139가길,187,81,106,1,26,31,50,48,31,1,7,10,22,20,21,0,19,21,28,28,10
2021,1,A,골목상권,1000234,동일로139길,77,53,24,0,5,9,21,31,11,0,5,7,10,21,10,0,0,2,11,10,1
2021,1,A,골목상권,1000235,동일로140길,432,314,118,0,28,49,111,128,116,0,18,27,65,99,105,0,10,22,46,29,11
2021,1,A,골목상권,1000236,동일로149길,870,749,121,0,174,268,189,223,16,0,134,228,162,211,14,0,40,40,27,12,2
2021,1,A,골목상권,1000237,동일로157길,443,270,173,0,54,90,87,139,73,0,14,50,47,102,57,0,40,40,40,37,16
2021,1,A,골목상권,1000238,동일로163길,112,67,45,0,9,23,28,25,27,0,1,12,24,11,19,0,8,11,4,14,8
2021,1,A,골목상권,1000239,망우로68길,107,44,63,0,13,21,26,31,16,0,1,7,13,12,11,0,12,14,13,19,5
2021,1,A,골목상권,1000240,망우로73길,51,34,17,0,6,5,14,20,6,0,3,4,10,13,4,0,3,1,4,7,2
2021,1,A,골목상권,1000241,면목로21길,54,37,17,0,2,8,16,20,8,0,1,4,10,16,6,0,1,4,6,4,2
2021,1,A,골목상권,1000242,면목로33길,86,28,58,1,6,19,14,23,23,0,3,5,6,9,5,1,3,14,8,14,18
2021,1,A,골목상권,1000243,면목로45길,454,364,90,2,39,85,147,138,43,2,24,56,117,124,41,0,15,29,30,14,2
2021,1,A,골목상권,1000244,면목로48길,873,544,329,0,101,145,169,221,237,0,39,75,84,162,184,0,62,70,85,59,53
2021,1,A,골목상권,1000245,면목로49길,109,67,42,3,14,23,28,27,14,0,5,17,15,20,10,3,9,6,13,7,4
2021,1,A,골목상권,1000246,면목로55길,473,306,167,0,41,145,169,86,32,0,19,93,110,63,21,0,22,52,59,23,11
2021,1,A,골목상권,1000247,면목로56길,91,53,38,0,10,14,30,21,16,0,6,5,19,11,12,0,4,9,11,10,4
2021,1,A,골목상권,1000248,면목로78길,93,44,49,0,9,22,28,17,17,0,4,8,9,10,13,0,5,14,19,7,4
2021,1,A,골목상권,1000249,봉우재로33길,150,59,91,1,27,29,43,29,21,0,7,10,21,10,11,1,20,19,22,19,10
2021,1,A,골목상권,1000250,봉화산로30길,139,38,101,0,14,33,33,29,30,0,2,8,6,7,15,0,12,25,27,22,15
2021,1,A,골목상권,1000251,봉화산로4길,58,30,28,0,11,11,17,9,10,0,6,5,10,3,6,0,5,6,7,6,4
2021,1,A,골목상권,1000252,봉화산로56길,649,289,360,0,70,101,115,213,150,0,21,50,53,81,84,0,49,51,62,132,66
2021,1,A,골목상권,1000253,사가정로42길,183,89,94,0,12,59,63,38,11,0,7,22,28,24,8,0,5,37,35,14,3
2021,1,A,골목상권,1000254,사가정로54길,122,47,75,0,22,22,28,34,16,0,1,8,14,15,9,0,21,14,14,19,7
2021,1,A,골목상권,1000255,신내로7가길,276,115,161,1,52,59,80,71,13,0,25,21,26,32,11,1,27,38,54,39,2
2021,1,A,골목상권,1000256,용마산로100길,122,52,70,0,31,16,29,29,17,0,7,6,13,15,11,0,24,10,16,14,6
2021,1,A,골목상권,1000257,용마산로112길,114,69,45,0,14,22,23,29,26,0,8,11,13,20,17,0,6,11,10,9,9
2021,1,A,골목상권,1000258,용마산로118길,108,63,45,1,11,17,28,30,21,0,2,8,13,23,17,1,9,9,15,7,4
2021,1,A,골목상권,1000259,용마산로94길,304,259,45,0,11,41,65,94,93,0,3,31,54,85,86,0,8,10,11,9,7
2021,1,A,골목상권,1000260,중랑천로10길,207,109,98,0,18,51,79,42,17,0,6,26,37,28,12,0,12,25,42,14,5
2021,1,A,골목상권,1000261,길음로7길,14,5,9,0,1,1,7,1,4,0,0,0,1,1,3,0,1,1,6,0,1
2021,1,A,골목상권,1000262,돌곶이로14길,77,58,19,0,5,13,11,20,28,0,4,6,8,15,25,0,1,7,3,5,3
2021,1,A,골목상권,1000263,돌곶이로22길,61,34,27,0,6,12,14,22,7,0,1,6,10,12,5,0,5,6,4,10,2
2021,1,A,골목상권,1000264,돌곶이로27길,103,59,44,0,12,20,26,24,21,0,4,11,17,14,13,0,8,9,9,10,8
2021,1,A,골목상권,1000265,돌곶이로28길,222,96,126,0,38,36,47,59,42,0,8,19,23,21,25,0,30,17,24,38,17
2021,1,A,골목상권,1000266,돌곶이로41길,40,13,27,0,1,11,10,16,2,0,1,2,3,6,1,0,0,9,7,10,1
2021,1,A,골목상권,1000267,돌곶이로8길,117,75,42,0,9,16,28,31,33,0,6,10,16,19,24,0,3,6,12,12,9
2021,1,A,골목상권,1000268,동소문로13길,572,285,287,2,91,115,136,116,112,1,42,60,76,57,49,1,49,55,60,59,63
2021,1,A,골목상권,1000269,동소문로15길,209,152,57,8,4,20,45,59,73,8,2,8,24,41,69,0,2,12,21,18,4
2021,1,A,골목상권,1000270,동소문로26가길,219,122,97,2,13,58,58,58,30,0,4,26,30,37,25,2,9,32,28,21,5
2021,1,A,골목상권,1000271,동소문로2길,53,21,32,1,10,6,11,16,9,1,2,3,4,5,6,0,8,3,7,11,3
2021,1,A,골목상권,1000272,동소문로6길,62,28,34,0,8,14,14,13,13,0,0,4,10,5,9,0,8,10,4,8,4
2021,1,A,골목상권,1000273,보국문로16길,181,97,84,0,16,34,53,42,36,0,3,14,26,27,27,0,13,20,27,15,9
2021,1,A,골목상권,1000274,보문로13길,1048,741,307,3,34,68,110,126,707,0,16,41,77,81,526,3,18,27,33,45,181
2021,1,A,골목상권,1000275,보문로26길,134,62,72,0,19,23,41,32,19,0,2,9,18,18,15,0,17,14,23,14,4
2021,1,A,골목상권,1000276,보문로31길,253,128,125,0,20,39,51,79,64,0,11,17,33,41,26,0,9,22,18,38,38
2021,1,A,골목상권,1000277,보문로32길,267,128,139,0,26,65,64,66,46,0,6,34,34,32,22,0,20,31,30,34,24
2021,1,A,골목상권,1000278,삼선교로10길,186,110,76,2,15,35,53,49,32,0,10,17,26,33,24,2,5,18,27,16,8
2021,1,A,골목상권,1000279,삼선교로10다길,38,17,21,0,3,3,11,15,6,0,0,2,9,5,1,0,3,1,2,10,5
2021,1,A,골목상권,1000280,삼선교로16가길,99,42,57,0,7,9,20,25,38,0,4,7,13,11,7,0,3,2,7,14,31
2021,1,A,골목상권,1000281,삼양로8길,147,70,77,0,16,35,46,31,19,0,8,17,21,13,11,0,8,18,25,18,8
2021,1,A,골목상권,1000282,성북로8길,143,88,55,0,20,34,36,27,26,0,11,16,24,16,21,0,9,18,12,11,5
2021,1,A,골목상권,1000283,솔샘로6길,74,48,26,0,7,19,28,13,7,0,4,15,16,8,5,0,3,4,12,5,2
2021,1,A,골목상권,1000284,아리랑로4길,595,281,314,2,70,92,125,182,124,1,24,43,54,86,73,1,46,49,71,96,51
2021,1,A,골목상권,1000285,안암로5길,960,743,217,1,167,267,210,167,148,0,106,203,160,142,132,1,61,64,50,25,16
2021,1,A,골목상권,1000286,오패산로19길,101,36,65,1,18,30,26,18,8,1,2,12,12,5,4,0,16,18,14,13,4
2021,1,A,골목상권,1000287,오패산로3길,310,187,123,1,51,73,80,72,33,1,22,41,51,50,22,0,29,32,29,22,11
2021,1,A,골목상권,1000288,오패산로4길,841,540,301,0,63,154,174,140,310,0,23,79,91,69,278,0,40,75,83,71,32
2021,1,A,골목상권,1000289,인촌로17가길,90,48,42,0,17,21,21,26,5,0,4,13,11,16,4,0,13,8,10,10,1
2021,1,A,골목상권,1000290,인촌로1길,127,78,49,0,15,45,34,22,11,0,5,29,24,13,7,0,10,16,10,9,4
2021,1,A,골목상권,1000291,개운사길,150,83,67,0,15,21,46,46,22,0,9,15,24,22,13,0,6,6,22,24,9
2021,1,A,골목상권,1000292,인촌로24길,1580,1010,570,1,137,419,504,378,141,0,52,209,332,287,130,1,85,210,172,91,11
2021,1,A,골목상권,1000293,인촌로5길,63,31,32,0,6,13,16,14,14,0,5,6,7,9,4,0,1,7,9,5,10
2021,1,A,골목상권,1000294,인촌로6길,195,131,64,2,25,35,45,41,47,1,9,25,30,30,36,1,16,10,15,11,11
2021,1,A,골목상권,1000295,장월로1길,74,19,55,2,18,14,17,13,10,0,3,2,6,4,4,2,15,12,11,9,6
2021,1,A,골목상권,1000296,장위로50길,343,160,183,5,71,71,81,81,34,1,28,34,40,35,22,4,43,37,41,46,12
2021,1,A,골목상권,1000297,정릉로26길,214,103,111,0,31,50,73,45,15,0,16,33,32,15,7,0,15,17,41,30,8
2021,1,A,골목상권,1000298,정릉로27길,75,30,45,0,8,13,22,22,10,0,1,8,8,8,5,0,7,5,14,14,5
2021,1,A,골목상권,1000299,정릉로8길,1407,1165,242,15,213,430,343,240,166,14,151,387,297,213,103,1,62,43,46,27,63
2021,1,A,골목상권,1000300,종암로16길,140,61,79,0,17,25,35,32,31,0,5,17,12,16,11,0,12,8,23,16,20
2021,1,A,골목상권,1000301,종암로19길,18269,9427,8842,55,1383,4740,6784,5244,63,12,579,1557,3005,4219,55,43,804,3183,3779,1025,8
2021,1,A,골목상권,1000302,종암로21길,550,344,206,2,84,128,136,156,44,0,45,73,83,108,35,2,39,55,53,48,9
2021,1,A,골목상권,1000303,종암로24가길,81,18,63,0,22,18,20,15,6,0,2,2,5,5,4,0,20,16,15,10,2
2021,1,A,골목상권,1000304,종암로5길,404,201,203,0,32,119,152,82,19,0,13,47,77,56,8,0,19,72,75,26,11
2021,1,A,골목상권,1000305,지봉로20길,3780,3162,618,0,367,1434,708,813,458,0,254,1273,655,694,286,0,113,161,53,119,172
2021,1,A,골목상권,1000306,창경궁로43길,917,434,483,17,188,284,282,98,48,8,72,126,122,66,40,9,116,158,160,32,8
2021,1,A,골목상권,1000307,한천로101가길,15,9,6,0,1,1,3,4,6,0,0,1,1,2,5,0,1,0,2,2,1
2021,1,A,골목상권,1000308,한천로76길,132,100,32,0,7,7,31,47,40,0,4,5,15,39,37,0,3,2,16,8,3
2021,1,A,골목상권,1000309,화랑로13길,267,95,172,0,37,41,51,78,60,0,14,23,22,20,16,0,23,18,29,58,44
2021,1,A,골목상권,1000310,화랑로14길,99,73,26,0,7,18,25,31,18,0,6,10,15,26,16,0,1,8,10,5,2
2021,1,A,골목상권,1000311,화랑로19길,43,19,24,0,2,8,16,11,6,0,1,3,7,4,4,0,1,5,9,7,2
2021,1,A,골목상권,1000312,화랑로1길,1112,811,301,0,36,35,143,177,721,0,19,25,85,121,561,0,17,10,58,56,160
2021,1,A,골목상권,1000313,화랑로32길,395,292,103,3,53,133,115,66,25,0,20,105,91,53,23,3,33,28,24,13,2
2021,1,A,골목상권,1000314,화랑로40길,71,46,25,1,10,16,19,14,11,0,7,7,10,11,11,1,3,9,9,3,0
2021,1,A,골목상권,1000315,노해로17길,103,56,47,0,11,18,31,34,9,0,3,8,13,26,6,0,8,10,18,8,3
2021,1,A,골목상권,1000316,노해로23길,70,47,23,0,8,8,18,24,12,0,6,6,12,15,8,0,2,2,6,9,4
2021,1,A,골목상권,1000317,노해로33길,84,30,54,0,8,16,26,27,7,0,1,5,5,12,7,0,7,11,21,15,0
2021,1,A,골목상권,1000318,덕릉로40길,187,95,92,0,33,34,45,56,19,0,16,26,24,19,10,0,17,8,21,37,9
2021,1,A,골목상권,1000319,덕릉로41길,185,105,80,0,9,15,33,43,85,0,3,10,16,20,56,0,6,5,17,23,29
2021,1,A,골목상권,1000320,도봉로13길,13,8,5,0,1,0,2,6,4,0,1,0,1,4,2,0,0,0,1,2,2
2021,1,A,골목상권,1000321,도봉로18길,225,182,43,5,7,27,53,67,66,5,2,19,39,55,62,0,5,8,14,12,4
2021,1,A,골목상권,1000322,도봉로45길,112,54,58,0,7,17,25,34,29,0,4,7,9,16,18,0,3,10,16,18,11
2021,1,A,골목상권,1000323,도봉로67길,116,57,59,1,13,16,34,35,17,0,6,7,19,16,9,1,7,9,15,19,8
2021,1,A,골목상권,1000324,도봉로76길,311,138,173,0,36,29,68,76,102,0,7,12,26,33,60,0,29,17,42,43,42
2021,1,A,골목상권,1000325,도봉로8길,6,4,2,0,0,0,0,2,4,0,0,0,0,1,3,0,0,0,0,1,1
2021,1,A,골목상권,1000326,도봉로99길,250,155,95,0,31,61,81,54,23,0,27,42,43,26,17,0,4,19,38,28,6
2021,1,A,골목상권,1000327,삼각산로28길,70,33,37,0,5,13,19,19,14,0,0,6,8,12,7,0,5,7,11,7,7
2021,1,A,골목상권,1000328,삼양로20길,179,168,11,0,7,12,34,65,61,0,4,11,31,62,60,0,3,1,3,3,1
2021,1,A,골목상권,1000329,삼양로24길,26,16,10,0,0,4,7,9,6,0,0,3,4,5,4,0,0,1,3,4,2
2021,1,A,골목상권,1000330,삼양로27길,7,4,3,0,0,1,2,1,3,0,0,1,0,0,3,0,0,0,2,1,0
2021,1,A,골목상권,1000331,삼양로41길,338,275,63,1,17,31,57,103,129,1,9,11,41,94,119,0,8,20,16,9,10
2021,1,A,골목상권,1000332,삼양로54길,295,66,229,0,13,17,34,43,188,0,3,9,15,11,28,0,10,8,19,32,160
2021,1,A,골목상권,1000333,삼양로77길,131,58,73,0,12,26,40,37,16,0,5,14,17,13,9,0,7,12,23,24,7
2021,1,A,골목상권,1000334,삼양로93길,209,94,115,0,25,48,58,59,19,0,8,19,24,26,17,0,17,29,34,33,2
2021,1,A,골목상권,1000335,솔매로41길,67,38,29,0,2,9,30,15,11,0,0,4,18,10,6,0,2,5,12,5,5
2021,1,A,골목상권,1000336,솔매로45길,65,32,33,0,4,17,14,17,13,0,2,5,6,11,8,0,2,12,8,6,5
2021,1,A,골목상권,1000337,솔매로50길,442,162,280,1,62,108,152,90,29,1,14,28,49,48,22,0,48,80,103,42,7
2021,1,A,골목상권,1000338,솔샘로65길,284,66,218,1,32,59,84,72,36,0,0,8,19,17,22,1,32,51,65,55,14
2021,1,A,골목상권,1000339,수유로12길,281,199,82,0,35,46,56,55,89,0,8,33,38,39,81,0,27,13,18,16,8
2021,1,A,골목상권,1000340,오패산로30길,13,5,8,0,1,2,3,6,1,0,1,0,1,3,0,0,0,2,2,3,1
2021,1,A,골목상권,1000341,오패산로52길,105,47,58,0,7,14,34,37,13,0,3,8,19,14,3,0,4,6,15,23,10
2021,1,A,골목상권,1000342,오패산로67길,238,89,149,0,27,43,50,58,60,0,7,15,22,16,29,0,20,28,28,42,31
2021,1,A,골목상권,1000343,인수봉로56길,44,25,19,0,5,7,13,11,8,0,2,4,9,9,1,0,3,3,4,2,7
2021,1,A,골목상권,1000344,인수봉로72길,54,18,36,0,7,6,20,12,9,0,1,3,4,5,5,0,6,3,16,7,4
2021,1,A,골목상권,1000345,인수봉로79길,242,153,89,0,40,74,66,41,21,0,21,60,45,14,13,0,19,14,21,27,8
2021,1,A,골목상권,1000346,한천로109길,439,280,159,5,44,64,86,156,84,4,15,37,50,107,67,1,29,27,36,49,17
2021,1,A,골목상권,1000347,한천로124나길,54,23,31,0,7,11,12,15,9,0,2,1,4,8,8,0,5,10,8,7,1
2021,1,A,골목상권,1000348,한천로130길,91,69,22,0,12,25,30,17,7,0,7,23,25,11,3,0,5,2,5,6,4
2021,1,A,골목상권,1000349,한천로132길,56,31,25,0,6,8,10,21,11,0,3,4,6,12,6,0,3,4,4,9,5
2021,1,A,골목상권,1000350,한천로139가길,108,47,61,1,26,14,21,28,18,0,8,7,10,9,13,1,18,7,11,19,5
2021,1,A,골목상권,1000351,한천로140길,36,25,11,0,1,9,8,5,13,0,0,6,6,4,9,0,1,3,2,1,4
2021,1,A,골목상권,1000352,노해로60길,136,85,51,0,16,13,35,42,30,0,9,7,18,24,27,0,7,6,17,18,3
2021,1,A,골목상권,1000353,노해로63다길,43,19,24,0,5,6,9,16,7,0,0,1,5,7,6,0,5,5,4,9,1
2021,1,A,골목상권,1000354,덕릉로60길,177,126,51,0,12,40,54,53,18,0,4,32,36,37,17,0,8,8,18,16,1
2021,1,A,골목상권,1000355,도당로13가길,36,21,15,0,5,5,9,13,4,0,3,3,5,7,3,0,2,2,4,6,1
2021,1,A,골목상권,1000356,도당로13바길,74,35,39,0,5,12,21,18,18,0,2,7,9,7,10,0,3,5,12,11,8
2021,1,A,골목상권,1000357,도당로19길,597,66,531,0,19,44,162,324,48,0,7,17,12,19,11,0,12,27,150,305,37
2021,1,A,골목상권,1000358,도당로29길,518,292,226,3,112,135,145,95,28,3,61,94,68,45,21,0,51,41,77,50,7
2021,1,A,골목상권,1000359,도봉로109길,276,223,53,0,40,48,94,66,28,0,29,36,76,59,23,0,11,12,18,7,5
2021,1,A,골목상권,1000360,도봉로114길,380,143,237,2,55,89,81,91,62,0,16,27,34,37,29,2,39,62,47,54,33
2021,1,A,골목상권,1000361,도봉로143길,73,48,25,0,5,11,20,25,12,0,1,8,12,17,10,0,4,3,8,8,2
2021,1,A,골목상권,1000362,도봉로147길,161,81,80,0,9,26,34,51,41,0,7,19,19,18,18,0,2,7,15,33,23
2021,1,A,골목상권,1000363,도봉로152가길,342,311,31,1,7,19,39,120,156,0,4,13,31,115,148,1,3,6,8,5,8
2021,1,A,골목상권,1000364,도봉로156길,93,62,31,0,10,20,26,25,12,0,6,10,16,20,10,0,4,10,10,5,2
2021,1,A,골목상권,1000365,도봉로169나길,244,184,60,1,6,17,23,103,94,1,2,7,14,80,80,0,4,10,9,23,14
2021,1,A,골목상권,1000366,도봉로181길,93,30,63,0,13,12,35,22,11,0,1,6,11,8,4,0,12,6,24,14,7
2021,1,A,골목상권,1000367,도봉산4길,27,24,3,0,3,8,9,2,5,0,3,8,8,2,3,0,0,0,1,0,2
2021,1,A,골목상권,1000368,도봉산길,135,64,71,0,15,25,35,30,30,0,3,8,18,14,21,0,12,17,17,16,9
2021,1,A,골목상권,1000369,방학로10길,67,51,16,0,6,11,21,11,18,0,6,7,13,11,14,0,0,4,8,0,4
2021,1,A,골목상권,1000370,방학로15길,687,454,233,0,106,151,156,156,118,0,55,94,104,99,102,0,51,57,52,57,16
2021,1,A,골목상권,1000371,방학로5길,124,87,37,0,13,21,38,33,19,0,7,16,28,23,13,0,6,5,10,10,6
2021,1,A,골목상권,1000372,방학로6가길,167,67,100,1,23,17,41,45,40,1,10,8,15,14,19,0,13,9,26,31,21
2021,1,A,골목상권,1000373,삼양로144길,50,24,26,0,0,4,18,16,12,0,0,2,9,7,6,0,0,2,9,9,6
2021,1,A,골목상권,1000374,시루봉로23길,267,128,139,0,25,51,79,81,31,0,6,29,35,35,23,0,19,22,44,46,8
2021,1,A,골목상권,1000375,우이천로32길,206,83,123,0,34,28,64,48,32,0,10,7,27,17,22,0,24,21,37,31,10
2021,1,A,골목상권,1000376,우이천로4다길,125,83,42,0,11,16,42,35,21,0,5,8,31,24,15,0,6,8,11,11,6
2021,1,A,골목상권,1000377,해등로16길,285,134,151,0,20,23,42,82,118,0,9,17,29,30,49,0,11,6,13,52,69
2021,1,A,골목상권,1000378,공릉로58길,129,61,68,0,3,15,32,51,28,0,2,10,14,23,12,0,1,5,18,28,16
2021,1,A,골목상권,1000379,동일로173가길,1230,946,284,3,110,164,272,369,312,1,65,113,202,296,269,2,45,51,70,73,43
2021,1,A,골목상권,1000380,동일로192길,429,326,103,1,32,47,88,121,140,1,18,32,50,96,129,0,14,15,38,25,11
2021,1,A,골목상권,1000381,동일로242길,302,142,160,0,9,25,50,55,163,0,7,12,33,28,62,0,2,13,17,27,101
2021,1,A,골목상권,1000382,상계로12길,144,90,54,0,18,20,31,48,27,0,10,12,15,31,22,0,8,8,16,17,5
2021,1,A,골목상권,1000383,상계로1길,334,244,90,0,38,93,109,64,30,0,28,74,82,41,19,0,10,19,27,23,11
2021,1,A,골목상권,1000384,상계로9가길,151,82,69,0,17,33,49,29,23,0,7,24,22,15,14,0,10,9,27,14,9
2021,1,A,골목상권,1000385,석계로1길,605,255,350,3,65,130,179,154,74,2,28,55,71,56,43,1,37,75,108,98,31
2021,1,A,골목상권,1000386,한글비석로22길,172,92,80,1,31,35,42,42,21,0,4,17,26,30,15,1,27,18,16,12,6
2021,1,A,골목상권,1000387,한글비석로24길,180,62,118,1,24,20,48,52,35,0,6,6,20,15,15,1,18,14,28,37,20
2021,1,A,골목상권,1000388,한글비석로44길,232,95,137,0,15,31,49,69,68,0,9,19,21,24,22,0,6,12,28,45,46
2021,1,A,골목상권,1000389,가좌로7길,329,203,126,0,27,59,107,92,44,0,14,33,69,49,38,0,13,26,38,43,6
2021,1,A,골목상권,1000390,갈현로1길,66,36,30,0,4,13,16,19,14,0,2,7,7,9,11,0,2,6,9,10,3
2021,1,A,골목상권,1000391,갈현로33길,255,149,106,0,25,53,53,90,34,0,12,32,29,52,24,0,13,21,24,38,10
2021,1,A,골목상권,1000392,갈현로41길,171,78,93,0,19,37,52,50,13,0,9,17,27,18,7,0,10,20,25,32,6
2021,1,A,골목상권,1000393,갈현로7길,398,205,193,0,63,112,108,91,24,0,28,67,51,40,19,0,35,45,57,51,5
2021,1,A,골목상권,1000394,불광천길,192,95,97,0,15,30,49,58,40,0,8,13,27,27,20,0,7,17,22,31,20
2021,1,A,골목상권,1000395,서오릉로21길,153,56,97,0,17,40,50,32,14,0,5,19,13,14,5,0,12,21,37,18,9
2021,1,A,골목상권,1000396,서오릉로8길,160,104,56,0,8,30,67,36,19,0,5,23,44,17,15,0,3,7,23,19,4
2021,1,A,골목상권,1000397,수색로18길,128,93,35,0,11,15,39,43,20,0,6,11,28,30,18,0,5,4,11,13,2
2021,1,A,골목상권,1000398,역말로9길,159,82,77,0,17,26,50,40,26,0,14,13,21,15,19,0,3,13,29,25,7
2021,1,A,골목상권,1000399,연서로11길,640,263,377,0,197,173,142,98,30,0,47,66,69,59,22,0,150,107,73,39,8
2021,1,A,골목상권,1000400,연서로13길,218,135,83,2,46,49,28,49,44,0,32,26,15,30,32,2,14,23,13,19,12
2021,1,A,골목상권,1000401,연서로16길,121,66,55,0,15,20,30,37,19,0,4,5,19,22,16,0,11,15,11,15,3
2021,1,A,골목상권,1000402,연서로17길,540,162,378,0,38,79,137,190,96,0,5,37,49,29,42,0,33,42,88,161,54
2021,1,A,골목상권,1000403,연서로21길,684,486,198,0,35,128,167,156,198,0,15,98,107,106,160,0,20,30,60,50,38
2021,1,A,골목상권,1000404,연서로27길,339,148,191,3,46,70,105,83,32,3,20,24,41,36,24,0,26,46,64,47,8
2021,1,A,골목상권,1000405,연서로28길,226,118,108,2,43,53,52,45,31,1,14,32,25,28,18,1,29,21,27,17,13
2021,1,A,골목상권,1000406,연서로29길,100,60,40,2,18,20,25,20,15,1,9,13,11,14,12,1,9,7,14,6,3
2021,1,A,골목상권,1000407,연서로33길,109,49,60,0,4,26,25,34,20,0,3,18,11,12,5,0,1,8,14,22,15
2021,1,A,골목상권,1000408,연서로34길,1310,709,601,0,8,27,40,168,1067,0,5,7,16,76,605,0,3,20,24,92,462
2021,1,A,골목상권,1000409,연서로3길,119,51,68,1,9,27,36,29,17,0,2,12,14,15,8,1,7,15,22,14,9
2021,1,A,골목상권,1000410,연서로41길,64,33,31,0,3,9,18,27,7,0,1,3,7,16,6,0,2,6,11,11,1
2021,1,A,골목상권,1000411,연서로5길,647,303,344,1,50,86,173,229,108,0,19,47,86,93,58,1,31,39,87,136,50
2021,1,A,골목상권,1000412,은평로10길,246,148,98,1,14,29,40,49,113,0,8,9,16,28,87,1,6,20,24,21,26
2021,1,A,골목상권,1000413,은평로13길,655,283,372,0,59,76,149,218,153,0,22,32,67,91,71,0,37,44,82,127,82
2021,1,A,골목상권,1000414,은평로20길,9,2,7,0,0,0,4,2,3,0,0,0,0,0,2,0,0,0,4,2,1
2021,1,A,골목상권,1000415,은평로3길,242,110,132,0,26,61,73,49,33,0,8,23,38,23,18,0,18,38,35,26,15
2021,1,A,골목상권,1000416,은평로8길,275,194,81,0,58,72,65,53,27,0,31,52,50,44,17,0,27,20,15,9,10
2021,1,A,골목상권,1000417,응암로12길,67,32,35,0,13,17,17,16,4,0,3,7,8,10,4,0,10,10,9,6,0
2021,1,A,골목상권,1000418,응암로13길,156,44,112,0,21,26,37,39,33,0,4,7,9,11,13,0,17,19,28,28,20
2021,1,A,골목상권,1000419,응암로14길,99,50,49,0,23,15,27,28,6,0,6,7,12,20,5,0,17,8,15,8,1
2021,1,A,골목상권,1000420,응암로22길,130,53,77,0,18,20,28,41,23,0,2,5,12,21,13,0,16,15,16,20,10
2021,1,A,골목상권,1000421,응암로34길,231,118,113,1,22,39,75,63,31,1,9,22,43,24,19,0,13,17,32,39,12
2021,1,A,골목상권,1000422,증산로13길,79,42,37,0,7,21,24,16,11,0,3,9,12,7,11,0,4,12,12,9,0
2021,1,A,골목상권,1000423,증산로15길,398,297,101,0,76,95,76,84,67,0,68,77,51,46,55,0,8,18,25,38,12
2021,1,A,골목상권,1000424,증산로17길,161,110,51,0,8,24,52,51,26,0,5,11,30,42,22,0,3,13,22,9,4
2021,1,A,골목상권,1000425,증산로21길,237,122,115,0,36,49,60,53,39,0,16,16,36,26,28,0,20,33,24,27,11
2021,1,A,골목상권,1000426,증산로5길,508,308,200,0,71,119,142,102,74,0,35,78,76,55,64,0,36,41,66,47,10
2021,1,A,골목상권,1000427,증산로9길,606,525,81,0,38,106,204,214,44,0,24,91,183,194,33,0,14,15,21,20,11
2021,1,A,골목상권,1000428,증산서길,334,189,145,0,54,95,79,62,44,0,26,59,45,35,24,0,28,36,34,27,20
2021,1,A,골목상권,1000429,진흥로12길,392,144,248,6,50,101,107,85,43,5,27,26,32,29,25,1,23,75,75,56,18
2021,1,A,골목상권,1000430,진흥로1길,310,165,145,0,62,58,69,58,63,0,19,31,43,35,37,0,43,27,26,23,26
2021,1,A,골목상권,1000431,통일로69길,107,55,52,0,18,23,35,21,10,0,10,13,16,10,6,0,8,10,19,11,4
2021,1,A,골목상권,1000432,통일로78길,172,60,112,0,20,38,50,40,24,0,4,12,17,15,12,0,16,26,33,25,12
2021,1,A,골목상권,1000433,통일로87길,255,130,125,0,18,32,65,66,74,0,4,10,34,34,48,0,14,22,31,32,26
2021,1,A,골목상권,1000434,통일로92길,186,72,114,0,15,38,49,59,25,0,6,22,23,14,7,0,9,16,26,45,18
2021,1,A,골목상권,1000435,가재울로6길,168,108,60,0,17,16,39,61,35,0,12,9,22,39,26,0,5,7,17,22,9
2021,1,A,골목상권,1000436,독립문로8길,679,422,257,2,64,107,167,236,103,2,33,60,104,147,76,0,31,47,63,89,27
2021,1,A,골목상권,1000437,명지대길,107,58,49,0,16,26,19,31,15,0,7,16,7,17,11,0,9,10,12,14,4
2021,1,A,골목상권,1000438,모래내로15길,74,54,20,0,12,13,23,22,4,0,8,9,17,17,3,0,4,4,6,5,1
2021,1,A,골목상권,1000439,북아현로4길,350,225,125,0,48,47,49,88,118,0,19,24,22,66,94,0,29,23,27,22,24
2021,1,A,골목상권,1000440,세검정로1길,109,37,72,0,13,20,36,21,19,0,2,6,9,9,11,0,11,14,27,12,8
2021,1,A,골목상권,1000441,세무서2길,186,77,109,0,25,34,44,47,36,0,4,20,18,22,13,0,21,14,26,25,23
2021,1,A,골목상권,1000442,세무서길,164,78,86,1,30,22,31,37,43,1,9,8,10,26,24,0,21,14,21,11,19
2021,1,A,골목상권,1000443,수색로8길,1090,905,185,0,25,53,78,156,778,0,4,29,35,99,738,0,21,24,43,57,40
2021,1,A,골목상권,1000444,신촌로37길,52,25,27,0,7,7,14,12,12,0,0,4,7,8,6,0,7,3,7,4,6
2021,1,A,골목상권,1000445,연희로10길,3448,3135,313,2,390,669,570,1483,334,1,342,592,477,1410,313,1,48,77,93,73,21
2021,1,A,골목상권,1000446,응암로1길,621,380,241,4,102,134,159,150,72,1,38,73,85,125,58,3,64,61,74,25,14
2021,1,A,골목상권,1000447,증가로10길,1463,1123,340,29,380,617,302,113,22,26,255,475,276,74,17,3,125,142,26,39,5
2021,1,A,골목상권,1000448,증가로20가길,336,99,237,0,39,85,98,72,42,0,4,20,19,27,29,0,35,65,79,45,13
2021,1,A,골목상권,1000449,증가로23나길,902,441,461,2,115,239,201,155,190,2,28,110,125,68,108,0,87,129,76,87,82
2021,1,A,골목상권,1000450,증가로6길,326,277,49,1,11,18,52,140,104,1,6,10,38,123,99,0,5,8,14,17,5
2021,1,A,골목상권,1000451,충정로4길,2044,1298,746,0,245,537,563,416,283,0,157,343,362,263,173,0,88,194,201,153,110
2021,1,A,골목상권,1000452,충정로6길,3185,1879,1306,0,221,848,1105,936,75,0,116,593,639,477,54,0,105,255,466,459,21
2021,1,A,골목상권,1000453,통일로11길,97,46,51,0,12,17,28,25,15,0,1,6,13,19,7,0,11,11,15,6,8
2021,1,A,골목상권,1000454,통일로37길,611,407,204,1,30,68,177,275,60,0,10,48,111,184,54,1,20,20,66,91,6
2021,1,A,골목상권,1000455,통일로39길,67,32,35,0,5,8,21,20,13,0,0,3,9,9,11,0,5,5,12,11,2
2021,1,A,골목상권,1000456,홍연길,79,47,32,0,7,9,26,23,14,0,4,3,17,13,10,0,3,6,9,10,4
2021,1,A,골목상권,1000457,홍제내길,565,201,364,1,59,87,134,169,115,1,19,39,59,43,40,0,40,48,75,126,75
2021,1,A,골목상권,1000458,광성로6길,295,169,126,1,19,52,63,76,84,1,9,26,34,43,56,0,10,26,29,33,28
2021,1,A,골목상권,1000459,대흥로21길,372,188,184,0,36,55,83,110,88,0,6,21,37,68,56,0,30,34,46,42,32
2021,1,A,골목상권,1000460,대흥로28길,50,17,33,0,6,11,9,17,7,0,0,4,3,6,4,0,6,7,6,11,3
2021,1,A,골목상권,1000461,도화4길,825,292,533,3,106,132,200,241,143,2,72,69,43,36,70,1,34,63,157,205,73
2021,1,A,골목상권,1000462,도화길,56,32,24,0,5,10,10,14,17,0,2,7,5,7,11,0,3,3,5,7,6
2021,1,A,골목상권,1000463,독막로22길,91,61,30,0,16,26,27,12,10,0,8,20,13,11,9,0,8,6,14,1,1
2021,1,A,골목상권,1000464,독막로32길,487,240,247,5,83,113,131,119,36,5,46,70,54,35,30,0,37,43,77,84,6
2021,1,A,골목상권,1000465,독막로8길,441,274,167,4,67,106,116,91,57,3,36,55,75,63,42,1,31,51,41,28,15
2021,1,A,골목상권,1000466,동교로17길,405,240,165,0,53,88,104,99,61,0,19,46,69,61,45,0,34,42,35,38,16
2021,1,A,골목상권,1000467,동교로19길,1207,739,468,0,219,307,271,243,167,0,84,173,208,157,117,0,135,134,63,86,50
2021,1,A,골목상권,1000468,동교로25길,1378,581,797,1,137,317,270,327,326,0,58,186,180,97,60,1,79,131,90,230,266
2021,1,A,골목상권,1000469,동교로27길,1172,795,377,4,193,262,253,244,216,3,73,157,165,200,197,1,120,105,88,44,19
2021,1,A,골목상권,1000470,동교로38길,464,247,217,1,52,132,156,71,52,1,23,57,106,30,30,0,29,75,50,41,22
2021,1,A,골목상권,1000471,마포대로12길,78,39,39,1,4,14,22,23,14,0,2,6,11,12,8,1,2,8,11,11,6
2021,1,A,골목상권,1000472,마포대로20길,483,258,225,1,58,94,114,110,106,0,27,60,58,55,58,1,31,34,56,55,48
2021,1,A,골목상권,1000473,마포대로4길,674,365,309,0,97,182,197,143,55,0,28,83,120,94,40,0,69,99,77,49,15
2021,1,A,골목상권,1000474,만리재옛길,1190,687,503,2,343,341,267,145,92,2,216,232,119,64,54,0,127,109,148,81,38
2021,1,A,골목상권,1000475,망원로11길,144,73,71,0,9,24,43,40,28,0,3,9,21,22,18,0,6,15,22,18,10
2021,1,A,골목상권,1000476,망원로2길,282,190,92,0,31,67,82,72,30,0,21,50,50,46,23,0,10,17,32,26,7
2021,1,A,골목상권,1000477,매봉산로2길,806,601,205,1,89,201,277,186,52,0,49,149,223,142,38,1,40,52,54,44,14
2021,1,A,골목상권,1000478,모래내로7길,91,63,28,0,5,10,23,30,23,0,4,5,15,17,22,0,1,5,8,13,1
2021,1,A,골목상권,1000479,방울내로9안길,619,351,268,4,145,115,139,131,85,3,47,70,88,83,60,1,98,45,51,48,25
2021,1,A,골목상권,1000480,백범로16길,1908,1298,610,76,553,567,401,199,112,27,327,413,325,141,65,49,226,154,76,58,47
2021,1,A,골목상권,1000481,성미산로11길,1114,807,307,9,182,312,292,194,125,9,92,221,223,158,104,0,90,91,69,36,21
2021,1,A,골목상권,1000482,성미산로1길,554,299,255,1,88,143,160,100,62,1,35,85,91,54,33,0,53,58,69,46,29
2021,1,A,골목상권,1000483,성미산로32길,243,172,71,2,76,80,51,20,14,2,47,62,38,13,10,0,29,18,13,7,4
2021,1,A,골목상권,1000484,성산로4길,855,546,309,4,168,199,217,195,72,2,93,126,125,145,55,2,75,73,92,50,17
2021,1,A,골목상권,1000485,성지3길,338,228,110,0,44,79,87,97,31,0,21,49,59,69,30,0,23,30,28,28,1
2021,1,A,골목상권,1000486,숭문8길,109,65,44,0,11,12,37,24,25,0,2,7,19,15,22,0,9,5,18,9,3
2021,1,A,골목상권,1000487,숭문길,1467,1016,451,0,103,135,224,546,459,0,34,100,181,391,310,0,69,35,43,155,149
2021,1,A,골목상권,1000488,신촌로12길,197,95,102,2,20,37,52,50,36,1,7,22,26,17,22,1,13,15,26,33,14
2021,1,A,골목상권,1000489,신촌로28가길,59,19,40,0,17,15,10,11,6,0,2,3,3,7,4,0,15,12,7,4,2
2021,1,A,골목상권,1000490,신촌로30길,109,64,45,0,11,28,27,17,26,0,8,23,10,4,19,0,3,5,17,13,7
2021,1,A,골목상권,1000491,양화로11길,2761,1012,1749,6,608,1181,713,206,47,3,155,424,267,130,33,3,453,757,446,76,14
2021,1,A,골목상권,1000492,양화로1길,544,248,296,0,67,88,131,157,101,0,32,40,68,75,33,0,35,48,63,82,68
2021,1,A,골목상권,1000493,양화진길,676,412,264,2,120,191,186,135,42,2,45,102,129,102,32,0,75,89,57,33,10
2021,1,A,골목상권,1000494,와우산로29가길,989,653,336,5,235,376,221,123,29,5,106,255,160,105,22,0,129,121,61,18,7
2021,1,A,골목상권,1000495,와우산로29길,78,30,48,0,20,13,13,21,11,0,2,3,7,9,9,0,18,10,6,12,2
2021,1,A,골목상권,1000496,와우산로3길,257,176,81,0,29,57,61,76,34,0,11,35,43,60,27,0,18,22,18,16,7
2021,1,A,골목상권,1000497,월드컵로10길,1102,654,448,5,220,292,283,208,94,3,90,170,183,142,66,2,130,122,100,66,28
2021,1,A,골목상권,1000498,월드컵로11길,421,153,268,0,98,81,120,83,39,0,41,30,37,29,16,0,57,51,83,54,23
2021,1,A,골목상권,1000499,월드컵로16길,1538,929,609,0,128,187,297,252,674,0,58,76,99,104,592,0,70,111,198,148,82
2021,1,A,골목상권,1000500,월드컵로19길,284,181,103,0,33,78,72,63,38,0,17,45,41,51,27,0,16,33,31,12,11
2021,1,A,골목상권,1000501,월드컵로25길,309,125,184,0,36,54,91,81,47,0,14,21,38,32,20,0,22,33,53,49,27
2021,1,A,골목상권,1000502,월드컵로36길,461,286,175,0,32,96,140,131,62,0,11,54,79,92,50,0,21,42,61,39,12
2021,1,A,골목상권,1000503,월드컵로7길,759,308,451,1,135,276,207,114,26,0,39,95,104,51,19,1,96,181,103,63,7
2021,1,A,골목상권,1000504,월드컵로8길,939,462,477,2,149,198,218,198,174,1,60,93,106,107,95,1,89,105,112,91,79
2021,1,A,골목상권,1000505,토정로37길,431,166,265,0,46,64,72,71,178,0,14,31,30,25,66,0,32,33,42,46,112
2021,1,A,골목상권,1000506,효창원로93길,243,99,144,0,40,54,49,65,35,0,15,25,23,20,16,0,25,29,26,45,19
2021,1,A,골목상권,1000507,가로공원로58길,91,54,37,0,15,20,19,27,10,0,14,12,11,14,3,0,1,8,8,13,7
2021,1,A,골목상권,1000508,곰달래로10길,543,449,94,2,30,56,134,232,89,1,20,42,109,195,82,1,10,14,25,37,7
2021,1,A,골목상권,1000509,곰달래로2길,610,344,266,1,82,114,132,187,94,0,40,70,72,104,58,1,42,44,60,83,36
2021,1,A,골목상권,1000510,곰달래로3길,313,213,100,3,40,72,82,77,39,2,29,55,55,46,26,1,11,17,27,31,13
2021,1,A,골목상권,1000511,곰달래로5길,211,125,86,0,13,40,49,71,38,0,7,19,30,43,26,0,6,21,19,28,12
2021,1,A,골목상권,1000512,남부순환로33길,179,116,63,0,18,39,48,45,29,0,12,25,30,30,19,0,6,14,18,15,10
2021,1,A,골목상권,1000513,남부순환로40길,122,46,76,0,21,26,25,37,13,0,4,5,12,17,8,0,17,21,13,20,5
2021,1,A,골목상권,1000514,남부순환로58길,282,179,103,1,38,60,66,78,39,0,24,38,42,48,27,1,14,22,24,30,12
2021,1,A,골목상권,1000515,남부순환로70길,165,101,64,0,15,21,55,52,22,0,10,7,31,35,18,0,5,14,24,17,4
2021,1,A,골목상권,1000516,남부순환로79길,142,74,68,0,17,21,24,40,40,0,5,10,8,21,30,0,12,11,16,19,10
2021,1,A,골목상권,1000517,남부순환로88길,328,124,204,2,33,45,72,109,67,0,8,27,30,34,25,2,25,18,42,75,42
2021,1,A,골목상권,1000518,목동남로4길,797,494,303,5,67,166,181,180,198,4,40,92,97,113,148,1,27,74,84,67,50
2021,1,A,골목상권,1000519,목동동로12길,335,228,107,0,46,96,82,78,33,0,28,57,55,60,28,0,18,39,27,18,5
2021,1,A,골목상권,1000520,목동동로8길,184,106,78,0,25,40,53,46,20,0,13,23,28,29,13,0,12,17,25,17,7
2021,1,A,골목상권,1000521,목동로19길,351,190,161,2,32,95,121,66,35,1,11,46,68,43,21,1,21,49,53,23,14
2021,1,A,골목상권,1000522,목동로9길,768,479,289,0,60,160,149,182,217,0,20,88,86,135,150,0,40,72,63,47,67
2021,1,A,골목상권,1000523,목동중앙남로3가길,190,108,82,2,24,47,46,38,33,2,5,26,22,24,29,0,19,21,24,14,4
2021,1,A,골목상권,1000524,목동중앙로13나길,346,248,98,0,40,53,73,94,86,0,23,41,57,80,47,0,17,12,16,14,39
2021,1,A,골목상권,1000525,목동중앙로3길,157,95,62,2,15,32,37,45,26,2,4,21,26,28,14,0,11,11,11,17,12
2021,1,A,골목상권,1000526,목동중앙본로7길,131,70,61,0,19,29,29,34,20,0,11,14,9,19,17,0,8,15,20,15,3
2021,1,A,골목상권,1000527,목동중앙북로16길,488,190,298,0,115,112,107,105,49,0,33,43,53,39,22,0,82,69,54,66,27
2021,1,A,골목상권,1000528,목동중앙북로8길,171,102,69,0,14,39,41,37,40,0,6,19,23,23,31,0,8,20,18,14,9
2021,1,A,골목상권,1000529,목동중앙서로7길,75,52,23,0,2,13,18,26,16,0,2,10,11,16,13,0,0,3,7,10,3
2021,1,A,골목상권,1000530,목동중앙서로8가길,317,200,117,0,55,93,87,62,20,0,20,52,56,55,17,0,35,41,31,7,3
2021,1,A,골목상권,1000531,신목로2길,386,255,131,2,39,76,102,119,48,1,32,60,70,65,27,1,7,16,32,54,21
2021,1,A,골목상권,1000532,신목로5길,645,416,229,2,82,160,183,145,73,0,45,108,131,83,49,2,37,52,52,62,24
2021,1,A,골목상권,1000533,신목로6길,582,383,199,25,130,153,110,102,62,13,71,105,77,68,49,12,59,48,33,34,13
2021,1,A,골목상권,1000534,신월로15길,357,184,173,0,26,61,105,105,60,0,12,32,59,41,40,0,14,29,46,64,20
2021,1,A,골목상권,1000535,신월로20길,47,30,17,0,3,6,10,16,12,0,3,2,4,12,9,0,0,4,6,4,3
2021,1,A,골목상권,1000536,오목로23길,401,155,246,2,45,64,110,123,57,1,16,42,39,31,26,1,29,22,71,92,31
2021,1,A,골목상권,1000537,오목로30길,220,125,95,0,37,45,55,52,31,0,17,26,31,25,26,0,20,19,24,27,5
2021,1,A,골목상권,1000538,오목로3길,375,296,79,0,17,49,68,135,106,0,5,31,48,109,103,0,12,18,20,26,3
2021,1,A,골목상권,1000539,오목로5길,120,85,35,0,5,14,42,40,19,0,3,10,27,30,15,0,2,4,15,10,4
2021,1,A,골목상권,1000540,은행정로5길,109,57,52,0,12,27,18,26,26,0,6,12,9,14,16,0,6,15,9,12,10
2021,1,A,골목상권,1000541,은행정로7길,472,183,289,0,48,98,96,145,85,0,22,40,48,48,25,0,26,58,48,97,60
2021,1,A,골목상권,1000542,중앙로25길,97,61,36,0,1,9,28,37,22,0,0,5,19,29,8,0,1,4,9,8,14
2021,1,A,골목상권,1000543,중앙로32길,145,87,58,1,28,32,35,34,15,1,17,20,19,20,10,0,11,12,16,14,5
2021,1,A,골목상권,1000544,중앙로36길,133,49,84,0,15,33,32,31,22,0,2,10,11,11,15,0,13,23,21,20,7
2021,1,A,골목상권,1000545,중앙로45길,1386,1342,44,0,14,19,51,173,1129,0,9,11,35,164,1123,0,5,8,16,9,6
2021,1,A,골목상권,1000546,중앙로47길,94,40,54,2,13,19,24,22,14,0,1,6,17,11,5,2,12,13,7,11,9
2021,1,A,골목상권,1000547,중앙로51길,283,178,105,0,19,25,70,87,82,0,6,14,40,47,71,0,13,11,30,40,11
2021,1,A,골목상권,1000548,중앙로55길,592,261,331,1,41,96,161,178,115,1,23,57,79,64,37,0,18,39,82,114,78
2021,1,A,골목상권,1000549,지양로7길,245,105,140,0,21,64,59,55,46,0,5,31,21,18,30,0,16,33,38,37,16
2021,1,A,골목상권,1000550,화곡로3길,351,177,174,0,35,112,90,83,31,0,10,38,50,51,28,0,25,74,40,32,3
2021,1,A,골목상권,1000551,화곡로4길,421,219,202,0,59,111,112,80,59,0,21,58,55,49,36,0,38,53,57,31,23
2021,1,A,골목상권,1000552,가로공원로76가길,168,91,77,2,19,35,53,39,20,1,10,20,27,20,13,1,9,15,26,19,7
2021,1,A,골목상권,1000553,가로공원로80길,270,175,95,2,23,50,78,75,42,1,13,34,58,44,25,1,10,16,20,31,17
2021,1,A,골목상권,1000554,강서로15길,261,152,109,1,21,37,71,86,45,1,13,19,36,48,35,0,8,18,35,38,10
2021,1,A,골목상권,1000555,강서로17가길,554,386,168,0,22,50,120,256,106,0,7,21,63,208,87,0,15,29,57,48,19
2021,1,A,골목상권,1000556,강서로18길,676,545,131,3,90,227,163,152,41,3,67,185,131,123,36,0,23,42,32,29,5
2021,1,A,골목상권,1000557,강서로29길,384,230,154,0,73,126,90,71,24,0,28,82,56,47,17,0,45,44,34,24,7
2021,1,A,골목상권,1000558,강서로35길,280,120,160,0,21,43,85,79,52,0,8,14,38,31,29,0,13,29,47,48,23
2021,1,A,골목상권,1000559,강서로45길,101,43,58,0,7,21,36,15,22,0,2,7,14,5,15,0,5,14,22,10,7
2021,1,A,골목상권,1000560,강서로45다길,243,178,65,0,17,27,60,65,74,0,5,21,38,50,64,0,12,6,22,15,10
2021,1,A,골목상권,1000561,강서로47길,327,146,181,0,33,70,120,77,27,0,13,29,47,38,19,0,20,41,73,39,8
2021,1,A,골목상권,1000562,강서로47라길,207,150,57,0,15,34,58,66,34,0,11,27,38,47,27,0,4,7,20,19,7
2021,1,A,골목상권,1000563,강서로5가길,182,98,84,0,14,25,43,58,42,0,7,11,22,31,27,0,7,14,21,27,15
2021,1,A,골목상권,1000564,강서로5나길,360,221,139,3,39,98,122,74,24,2,18,62,79,40,20,1,21,36,43,34,4
2021,1,A,골목상권,1000565,강서로5라길,245,176,69,0,24,53,64,67,37,0,19,35,45,46,31,0,5,18,19,21,6
2021,1,A,골목상권,1000566,강서로8길,214,125,89,0,12,44,62,64,32,0,6,27,36,32,24,0,6,17,26,32,8
2021,1,A,골목상권,1000567,개화동로23길,857,669,188,0,74,126,199,192,266,0,33,82,143,161,250,0,41,44,56,31,16
2021,1,A,골목상권,1000568,개화동로25길,351,201,150,0,71,149,58,41,32,0,29,86,45,22,19,0,42,63,13,19,13
2021,1,A,골목상권,1000569,곰달래로25길,245,139,106,0,37,27,45,84,52,0,19,16,33,53,18,0,18,11,12,31,34
2021,1,A,골목상권,1000570,곰달래로31길,120,78,42,0,18,25,26,16,35,0,6,16,14,10,32,0,12,9,12,6,3
2021,1,A,골목상권,1000571,곰달래로47길,333,218,115,5,61,88,78,56,45,2,32,58,52,36,38,3,29,30,26,20,7
2021,1,A,골목상권,1000572,곰달래로53길,130,89,41,0,8,22,40,31,29,0,6,17,18,24,24,0,2,5,22,7,5
2021,1,A,골목상권,1000573,곰달래로60길,221,146,75,0,22,42,50,50,57,0,16,27,26,34,43,0,6,15,24,16,14
2021,1,A,골목상권,1000574,공항대로38길,92,49,43,0,5,14,32,21,20,0,2,9,15,10,13,0,3,5,17,11,7
2021,1,A,골목상권,1000575,공항대로42길,514,323,191,0,99,151,117,89,58,0,31,91,84,71,46,0,68,60,33,18,12
2021,1,A,골목상권,1000576,공항대로55길,900,577,323,7,232,255,212,131,63,2,105,172,157,91,50,5,127,83,55,40,13
2021,1,A,골목상권,1000577,공항대로59길,654,454,200,1,78,129,159,159,128,1,30,86,105,122,110,0,48,43,54,37,18
2021,1,A,골목상권,1000578,공항대로59다길,1037,645,392,2,112,262,205,258,198,2,37,126,133,182,165,0,75,136,72,76,33
2021,1,A,골목상권,1000579,공항대로61길,547,415,132,8,107,180,129,86,37,5,57,146,112,65,30,3,50,34,17,21,7
2021,1,A,골목상권,1000580,공항대로8길,276,172,104,0,28,52,65,57,74,0,14,33,42,39,44,0,14,19,23,18,30
2021,1,A,골목상권,1000581,국회대로7길,215,101,114,0,27,35,46,62,45,0,14,21,24,23,19,0,13,14,22,39,26
2021,1,A,골목상권,1000582,까치산로4길,189,112,77,7,16,48,46,43,29,6,8,28,25,24,21,1,8,20,21,19,8
2021,1,A,골목상권,1000583,남부순환로11길,307,201,106,0,28,79,95,70,35,0,13,49,60,49,30,0,15,30,35,21,5
2021,1,A,골목상권,1000584,등촌로13길,183,128,55,0,15,32,49,50,37,0,7,22,29,40,30,0,8,10,20,10,7
2021,1,A,골목상권,1000585,등촌로39길,313,146,167,2,60,75,59,79,38,1,20,29,26,39,31,1,40,46,33,40,7
2021,1,A,골목상권,1000586,등촌로51길,239,137,102,0,19,43,91,56,30,0,7,21,57,30,22,0,12,22,34,26,8
2021,1,A,골목상권,1000587,등촌로55길,432,323,109,2,36,57,69,114,154,1,19,29,42,92,140,1,17,28,27,22,14
2021,1,A,골목상권,1000588,등촌로5길,1524,514,1010,1,516,518,267,168,54,0,84,198,122,74,36,1,432,320,145,94,18
2021,1,A,골목상권,1000589,방화대로21길,390,243,147,6,46,78,105,96,59,0,17,50,73,64,39,6,29,28,32,32,20
2021,1,A,골목상권,1000590,방화대로6라길,653,413,240,1,97,165,199,139,52,0,47,101,136,93,36,1,50,64,63,46,16
2021,1,A,골목상권,1000591,양천로14길,257,143,114,0,18,54,68,73,44,0,10,29,32,40,32,0,8,25,36,33,12
2021,1,A,골목상권,1000592,양천로24가길,207,113,94,2,21,35,62,49,38,2,8,16,35,25,27,0,13,19,27,24,11
2021,1,A,골목상권,1000593,양천로24길,186,100,86,1,31,37,47,40,30,1,10,21,24,20,24,0,21,16,23,20,6
2021,1,A,골목상권,1000594,양천로26길,479,377,102,0,59,114,112,108,86,0,45,83,83,87,79,0,14,31,29,21,7
2021,1,A,골목상권,1000595,양천로49길,342,232,110,0,52,71,97,88,34,0,23,53,65,67,24,0,29,18,32,21,10
2021,1,A,골목상권,1000596,양천로71길,1203,752,451,6,177,261,301,283,175,5,89,195,170,155,138,1,88,66,131,128,37
2021,1,A,골목상권,1000597,양천로73가길,468,360,108,1,42,76,123,116,110,1,17,56,93,95,98,0,25,20,30,21,12
2021,1,A,골목상권,1000598,우장산로6길,486,298,188,0,159,95,87,89,56,0,81,52,53,68,44,0,78,43,34,21,12
2021,1,A,골목상권,1000599,월정로20길,135,31,104,0,12,32,40,34,17,0,5,8,7,2,9,0,7,24,33,32,8
2021,1,A,골목상권,1000600,초록마을로3길,439,355,84,0,19,52,59,72,237,0,5,30,35,59,226,0,14,22,24,13,11
2021,1,A,골목상권,1000601,초록마을로8길,116,68,48,0,9,25,45,19,18,0,0,16,26,13,13,0,9,9,19,6,5
2021,1,A,골목상권,1000602,초원로16길,523,369,154,1,74,66,85,150,147,1,16,26,49,138,139,0,58,40,36,12,8
2021,1,A,골목상권,1000603,화곡로13길,368,249,119,0,51,98,102,82,35,0,34,62,71,59,23,0,17,36,31,23,12
2021,1,A,골목상권,1000604,화곡로20길,355,193,162,2,31,70,76,115,61,1,20,45,43,53,31,1,11,25,33,62,30
2021,1,A,골목상권,1000605,화곡로31길,618,375,243,1,157,138,102,113,107,0,64,79,67,76,89,1,93,59,35,37,18
2021,1,A,골목상권,1000606,화곡로44나길,625,559,66,0,14,42,87,210,272,0,6,22,71,198,262,0,8,20,16,12,10
2021,1,A,골목상권,1000607,화곡로59길,316,232,84,0,7,25,59,116,109,0,3,18,30,84,97,0,4,7,29,32,12
2021,1,A,골목상권,1000608,화곡로64길,1128,686,442,1,113,166,194,248,406,0,57,104,136,150,239,1,56,62,58,98,167
2021,1,A,골목상권,1000609,개봉로11길,181,97,84,0,33,31,36,51,30,0,8,18,17,32,22,0,25,13,19,19,8
2021,1,A,골목상권,1000610,개봉로17길,1304,418,886,3,198,196,369,425,113,1,111,105,82,70,49,2,87,91,287,355,64
2021,1,A,골목상권,1000611,개봉로17다길,2362,1606,756,32,828,926,311,196,69,16,483,719,222,113,53,16,345,207,89,83,16
2021,1,A,골목상권,1000612,개봉로1길,187,126,61,1,35,52,49,33,17,1,17,36,33,27,12,0,18,16,16,6,5
2021,1,A,골목상권,1000613,개봉로20길,3082,1346,1736,2,275,551,822,977,455,0,164,291,353,326,212,2,111,260,469,651,243
2021,1,A,골목상권,1000614,개봉로23가길,826,590,236,4,52,114,184,238,234,3,28,67,112,171,209,1,24,47,72,67,25
2021,1,A,골목상권,1000615,개봉로2길,186,99,87,1,21,25,56,43,40,1,9,11,26,25,27,0,12,14,30,18,13
2021,1,A,골목상권,1000616,개봉로3길,273,139,134,0,50,51,43,36,93,0,15,20,20,21,63,0,35,31,23,15,30
2021,1,A,골목상권,1000617,경인로15길,259,93,166,0,26,41,66,83,43,0,10,20,24,24,15,0,16,21,42,59,28
2021,1,A,골목상권,1000618,경인로31길,130,61,69,0,15,23,34,32,26,0,10,10,11,16,14,0,5,13,23,16,12
2021,1,A,골목상권,1000619,경인로35길,364,232,132,0,42,115,97,76,34,0,17,83,58,44,30,0,25,32,39,32,4
2021,1,A,골목상권,1000620,경인로47길,657,264,393,0,151,142,153,155,56,0,45,47,53,77,42,0,106,95,100,78,14
2021,1,A,골목상권,1000621,고척로21나길,369,197,172,0,34,54,115,112,54,0,21,33,45,55,43,0,13,21,70,57,11
2021,1,A,골목상권,1000622,고척로27길,309,167,142,1,48,127,55,55,23,0,18,67,33,34,15,1,30,60,22,21,8
2021,1,A,골목상권,1000623,고척로27다길,169,99,70,0,10,21,43,60,35,0,9,8,21,34,27,0,1,13,22,26,8
2021,1,A,골목상권,1000624,고척로52길,40,27,13,0,2,1,10,11,16,0,2,1,7,6,11,0,0,0,3,5,5
2021,1,A,골목상권,1000625,공원로6가길,1158,755,403,0,142,320,322,283,91,0,69,217,230,178,61,0,73,103,92,105,30
2021,1,A,골목상권,1000626,구로동로15길,88,50,38,0,17,11,20,27,13,0,7,8,13,13,9,0,10,3,7,14,4
2021,1,A,골목상권,1000627,구로동로28길,42,18,24,0,5,2,11,19,5,0,1,0,7,8,2,0,4,2,4,11,3
2021,1,A,골목상권,1000628,구로동로38길,625,240,385,4,50,83,107,232,149,2,21,50,56,55,56,2,29,33,51,177,93
2021,1,A,골목상권,1000629,구로동로41길,119,79,40,0,15,18,42,33,11,0,12,9,29,20,9,0,3,9,13,13,2
2021,1,A,골목상권,1000630,구로동로42길,131,75,56,0,8,21,36,39,27,0,4,15,17,18,21,0,4,6,19,21,6
2021,1,A,골목상권,1000631,구로동로7길,115,71,44,0,20,12,24,36,23,0,13,3,12,22,21,0,7,9,12,14,2
2021,1,A,골목상권,1000632,구로동로8길,298,153,145,4,23,37,62,74,98,2,6,13,23,40,69,2,17,24,39,34,29
2021,1,A,골목상권,1000633,구로중앙로19길,666,398,268,1,132,256,164,77,36,0,39,154,115,60,30,1,93,102,49,17,6
2021,1,A,골목상권,1000634,구로중앙로28길,470,226,244,0,60,87,127,137,59,0,28,38,62,67,31,0,32,49,65,70,28
2021,1,A,골목상권,1000635,구로중앙로34길,189,149,40,2,59,41,49,25,13,0,49,29,37,22,12,2,10,12,12,3,1
2021,1,A,골목상권,1000636,구로중앙로42길,403,284,119,3,75,112,94,78,41,3,40,75,73,58,35,0,35,37,21,20,6
2021,1,A,골목상권,1000637,구로중앙로7길,86,42,44,0,10,15,14,19,28,0,0,3,7,8,24,0,10,12,7,11,4
2021,1,A,골목상권,1000638,구로중앙로8길,107,41,66,0,18,18,28,24,19,0,5,6,9,10,11,0,13,12,19,14,8
2021,1,A,골목상권,1000639,남부순환로97길,101,48,53,0,4,14,29,38,16,0,1,5,11,18,13,0,3,9,18,20,3
2021,1,A,골목상권,1000640,도림로12길,186,124,62,0,41,78,44,14,9,0,24,53,36,6,5,0,17,25,8,8,4
2021,1,A,골목상권,1000641,도림로6길,160,93,67,0,30,40,43,28,19,0,20,22,25,16,10,0,10,18,18,12,9
2021,1,A,골목상권,1000642,디지털로27길,26,20,6,0,1,1,10,6,8,0,1,1,6,4,8,0,0,0,4,2,0
2021,1,A,골목상권,1000643,디지털로32가길,2221,1322,899,3,425,729,552,311,201,2,218,459,354,158,131,1,207,270,198,153,70
2021,1,A,골목상권,1000644,디지털로32길,815,435,380,0,136,331,158,118,72,0,43,184,83,71,54,0,93,147,75,47,18
2021,1,A,골목상권,1000645,부일로11길,281,115,166,4,38,51,67,59,62,2,14,27,29,25,18,2,24,24,38,34,44
2021,1,A,골목상권,1000646,부일로15길,156,107,49,0,25,29,36,35,31,0,12,19,27,23,26,0,13,10,9,12,5
2021,1,A,골목상권,1000647,부일로1길,356,321,35,1,10,18,45,129,153,1,6,12,35,120,147,0,4,6,10,9,6
2021,1,A,골목상권,1000648,새말로18길,933,549,384,18,273,304,190,103,45,16,135,170,121,80,27,2,138,134,69,23,18
2021,1,A,골목상권,1000649,신도림로13길,148,100,48,1,18,30,33,40,26,1,8,20,22,30,19,0,10,10,11,10,7
2021,1,A,골목상권,1000650,오류로8길,442,219,223,0,91,160,97,58,36,0,35,95,49,24,16,0,56,65,48,34,20
2021,1,A,골목상권,1000651,우마길,43,19,24,0,7,15,18,2,1,0,0,4,12,2,1,0,7,11,6,0,0
2021,1,A,골목상권,1000652,중앙로15길,171,106,65,2,12,23,37,63,34,2,9,13,17,36,29,0,3,10,20,27,5
2021,1,A,골목상권,1000653,중앙로1길,960,704,256,0,80,128,157,163,432,0,49,69,89,104,393,0,31,59,68,59,39
2021,1,A,골목상권,1000654,가산로3길,999,756,243,6,107,211,252,240,183,6,87,176,196,175,116,0,20,35,56,65,67
2021,1,A,골목상권,1000655,가산로5길,499,350,149,2,64,95,153,124,61,2,49,74,111,67,47,0,15,21,42,57,14
2021,1,A,골목상권,1000656,금하로14길,96,65,31,0,5,14,27,29,21,0,3,11,15,20,16,0,2,3,12,9,5
2021,1,A,골목상권,1000657,금하로1길,227,175,52,0,19,25,41,65,77,0,17,16,22,47,73,0,2,9,19,18,4
2021,1,A,골목상권,1000658,금하로24길,132,72,60,0,17,25,41,37,12,0,8,14,23,19,8,0,9,11,18,18,4
2021,1,A,골목상권,1000659,남부순환로112길,96,66,30,0,13,24,30,19,10,0,10,15,23,11,7,0,3,9,7,8,3
2021,1,A,골목상권,1000660,독산로108길,1619,1443,176,0,28,95,100,130,1266,0,11,61,52,86,1233,0,17,34,48,44,33
2021,1,A,골목상권,1000661,독산로40길,219,75,144,4,21,35,58,83,18,4,10,15,20,17,9,0,11,20,38,66,9
2021,1,A,골목상권,1000662,독산로50길,27,6,21,0,3,2,8,6,8,0,1,0,1,2,2,0,2,2,7,4,6
2021,1,A,골목상권,1000663,독산로64길,186,152,34,0,6,10,16,67,87,0,2,4,11,52,83,0,4,6,5,15,4
2021,1,A,골목상권,1000664,독산로70길,74,31,43,0,4,7,18,22,23,0,0,4,6,9,12,0,4,3,12,13,11
2021,1,A,골목상권,1000665,독산로78다길,195,124,71,0,15,35,63,49,33,0,11,21,39,31,22,0,4,14,24,18,11
2021,1,A,골목상권,1000666,독산로85길,68,34,34,0,7,5,22,22,12,0,3,2,9,12,8,0,4,3,13,10,4
2021,1,A,골목상권,1000667,문성로5길,379,199,180,2,12,116,135,91,23,2,5,45,71,56,20,0,7,71,64,35,3
2021,1,A,골목상권,1000668,범안로11길,1498,819,679,11,165,329,358,438,197,11,105,201,170,219,113,0,60,128,188,219,84
2021,1,A,골목상권,1000669,범안로17길,4567,2830,1737,0,82,135,247,533,3570,0,46,101,158,287,2238,0,36,34,89,246,1332
2021,1,A,골목상권,1000670,벚꽃로56길,301,260,41,0,8,11,43,135,104,0,7,5,32,118,98,0,1,6,11,17,6
2021,1,A,골목상권,1000671,시흥대로120길,192,117,75,0,25,36,36,53,42,0,14,25,19,26,33,0,11,11,17,27,9
2021,1,A,골목상권,1000672,시흥대로138길,341,246,95,0,68,87,64,86,36,0,54,72,44,49,27,0,14,15,20,37,9
2021,1,A,골목상권,1000673,시흥대로141길,214,142,72,1,26,30,60,48,49,0,12,15,39,36,40,1,14,15,21,12,9
2021,1,A,골목상권,1000674,시흥대로150길,421,278,143,1,82,92,94,83,69,0,43,62,70,53,50,1,39,30,24,30,19
2021,1,A,골목상권,1000675,시흥대로153길,92,55,37,0,10,16,32,23,11,0,4,9,18,15,9,0,6,7,14,8,2
2021,1,A,골목상권,1000676,시흥대로22길,259,143,116,0,44,58,66,63,28,0,24,34,28,40,17,0,20,24,38,23,11
2021,1,A,골목상권,1000677,시흥대로36길,288,173,115,0,24,78,75,87,24,0,12,42,38,61,20,0,12,36,37,26,4
2021,1,A,골목상권,1000678,시흥대로62가길,86,59,27,0,7,19,20,23,17,0,5,15,13,15,11,0,2,4,7,8,6
2021,1,A,골목상권,1000679,시흥대로63길,1016,542,474,7,306,377,196,85,45,2,149,224,92,49,26,5,157,153,104,36,19
2021,1,A,골목상권,1000680,시흥대로68길,549,219,330,1,130,118,102,143,55,1,44,45,39,51,39,0,86,73,63,92,16
2021,1,A,골목상권,1000681,시흥대로84길,178,103,75,0,25,25,51,57,20,0,10,15,30,32,16,0,15,10,21,25,4
2021,1,A,골목상권,1000682,시흥대로94길,446,164,282,0,66,112,98,110,60,0,39,32,28,39,26,0,27,80,70,71,34
2021,1,A,골목상권,1000683,가마산로61길,47,35,12,0,3,6,13,11,14,0,2,4,10,9,10,0,1,2,3,2,4
2021,1,A,골목상권,1000684,경인로77길,741,512,229,1,60,174,194,178,134,1,39,118,136,109,109,0,21,56,58,69,25
2021,1,A,골목상권,1000685,경인로80길,1007,706,301,2,86,149,234,215,321,1,42,89,158,154,262,1,44,60,76,61,59
2021,1,A,골목상권,1000686,경인로90길,282,210,72,0,36,41,47,83,75,0,13,30,32,66,69,0,23,11,15,17,6
2021,1,A,골목상권,1000687,국회대로56길,3275,1590,1685,11,1017,864,657,456,270,6,291,404,382,299,208,5,726,460,275,157,62
2021,1,A,골목상권,1000688,당산로31길,1481,749,732,4,342,442,339,230,124,0,104,239,178,136,92,4,238,203,161,94,32
2021,1,A,골목상권,1000689,당산로37길,2439,1483,956,19,663,502,399,447,409,12,375,310,253,283,250,7,288,192,146,164,159
2021,1,A,골목상권,1000690,당산로38길,676,471,205,3,115,155,176,131,96,3,44,102,145,103,74,0,71,53,31,28,22
2021,1,A,골목상권,1000691,당산로46길,698,529,169,4,83,189,186,138,98,0,44,145,146,110,84,4,39,44,40,28,14
2021,1,A,골목상권,1000692,대림로22길,190,98,92,0,18,21,43,55,53,0,8,9,23,26,32,0,10,12,20,29,21
2021,1,A,골목상권,1000693,대림로29길,964,624,340,2,59,121,217,295,270,0,34,72,127,194,197,2,25,49,90,101,73
2021,1,A,골목상권,1000694,대림로31길,454,281,173,2,42,101,119,110,80,1,22,66,69,67,56,1,20,35,50,43,24
2021,1,A,골목상권,1000695,대림로34길,201,139,62,0,19,27,56,67,32,0,15,16,40,41,27,0,4,11,16,26,5
2021,1,A,골목상권,1000696,대림로44길,411,289,122,1,46,91,100,99,74,0,31,64,72,74,48,1,15,27,28,25,26
2021,1,A,골목상권,1000697,대림로7길,49,23,26,0,3,3,7,11,25,0,2,1,4,7,9,0,1,2,3,4,16
2021,1,A,골목상권,1000698,대림로8길,234,113,121,0,18,50,52,75,39,0,1,19,23,42,28,0,17,31,29,33,11
2021,1,A,골목상권,1000699,도림로112길,30,19,11,0,3,2,11,9,5,0,3,1,7,3,5,0,0,1,4,6,0
2021,1,A,골목상권,1000700,도림로147길,334,255,79,0,24,50,87,113,60,0,17,37,62,90,49,0,7,13,25,23,11
2021,1,A,골목상권,1000701,도림로63길,53,41,12,0,3,11,13,16,10,0,2,8,10,12,9,0,1,3,3,4,1
2021,1,A,골목상권,1000702,도림천로21길,236,157,79,0,17,24,33,49,113,0,12,14,21,25,85,0,5,10,12,24,28
2021,1,A,골목상권,1000703,도신로15길,437,238,199,3,39,85,98,104,108,3,17,42,53,59,64,0,22,43,45,45,44
2021,1,A,골목상권,1000704,도신로29길,108,49,59,2,8,10,19,32,37,2,5,7,11,8,16,0,3,3,8,24,21
2021,1,A,골목상권,1000705,도신로60길,124,51,73,0,13,18,16,43,34,0,4,11,5,24,7,0,9,7,11,19,27
2021,1,A,골목상권,1000706,도신로62길,227,173,54,0,48,85,58,21,15,0,28,73,49,14,9,0,20,12,9,7,6
2021,1,A,골목상권,1000707,디지털로37길,172,55,117,0,15,32,46,43,36,0,2,12,18,12,11,0,13,20,28,31,25
2021,1,A,골목상권,1000708,디지털로57길,1036,639,397,0,32,53,156,225,570,0,25,36,82,138,358,0,7,17,74,87,212
2021,1,A,골목상권,1000709,디지털로74길,13,8,5,0,1,8,2,2,0,0,0,5,1,2,0,0,1,3,1,0,0
2021,1,A,골목상권,1000710,선유로55길,416,273,143,3,71,86,114,91,51,3,41,53,76,63,37,0,30,33,38,28,14
2021,1,A,골목상권,1000711,선유서로24길,114,70,44,1,10,16,24,33,30,0,5,10,15,22,18,1,5,6,9,11,12
2021,1,A,골목상권,1000712,선유서로25길,1697,1284,413,1,160,357,408,405,366,0,86,290,333,301,274,1,74,67,75,104,92
2021,1,A,골목상권,1000713,선유서로28길,208,110,98,0,28,36,49,53,42,0,11,21,25,29,24,0,17,15,24,24,18
2021,1,A,골목상권,1000714,신길로17길,676,289,387,0,68,156,269,145,38,0,40,67,78,68,36,0,28,89,191,77,2
2021,1,A,골목상권,1000715,신길로39길,56,32,24,0,4,9,19,16,8,0,0,5,11,10,6,0,4,4,8,6,2
2021,1,A,골목상권,1000716,신길로42가길,210,90,120,0,28,42,60,55,25,0,11,22,17,21,19,0,17,20,43,34,6
2021,1,A,골목상권,1000717,신길로42길,501,270,231,0,98,103,112,128,60,0,37,57,62,72,42,0,61,46,50,56,18
2021,1,A,골목상권,1000718,신길로60길,260,196,64,0,8,10,44,60,138,0,3,5,21,39,128,0,5,5,23,21,10
2021,1,A,골목상권,1000719,양평로19길,748,436,312,0,120,147,190,201,90,0,57,86,114,115,64,0,63,61,76,86,26
2021,1,A,골목상권,1000720,양평로22라길,555,299,256,0,82,126,147,125,75,0,28,77,86,58,50,0,54,49,61,67,25
2021,1,A,골목상권,1000721,양평로28길,847,707,140,1,60,160,212,238,176,1,43,119,178,209,157,0,17,41,34,29,19
2021,1,A,골목상권,1000722,여의대방로35길,197,65,132,1,27,55,49,39,26,1,8,10,15,14,17,0,19,45,34,25,9
2021,1,A,골목상권,1000723,여의대방로39길,193,112,81,2,11,21,29,51,79,2,7,15,12,24,52,0,4,6,17,27,27
2021,1,A,골목상권,1000724,여의대방로43나길,859,661,198,0,58,109,162,325,205,0,36,78,120,260,167,0,22,31,42,65,38
2021,1,A,골목상권,1000725,여의대방로61길,514,400,114,1,71,136,151,67,88,1,49,108,113,49,80,0,22,28,38,18,8
2021,1,A,골목상권,1000726,영등포로25길,493,363,130,2,71,108,155,91,66,2,35,82,120,65,59,0,36,26,35,26,7
2021,1,A,골목상권,1000727,영등포로27길,301,189,112,0,29,61,93,71,47,0,9,31,57,51,41,0,20,30,36,20,6
2021,1,A,골목상권,1000728,영등포로35길,340,192,148,1,27,80,71,65,96,1,15,45,46,36,49,0,12,35,25,29,47
2021,1,A,골목상권,1000729,영등포로62길,118,85,33,0,4,32,34,27,21,0,4,23,23,18,17,0,0,9,11,9,4
2021,1,A,골목상권,1000730,영등포로80길,96,48,48,0,5,18,10,40,23,0,1,5,7,20,15,0,4,13,3,20,8
2021,1,A,골목상권,1000731,영등포로84길,1933,673,1260,4,390,476,417,406,240,0,80,202,146,139,106,4,310,274,271,267,134
2021,1,A,골목상권,1000732,영신로9길,3221,1646,1575,28,548,837,791,816,201,11,218,373,430,498,116,17,330,464,361,318,85
2021,1,A,골목상권,1000733,국사봉1길,85,52,33,0,6,26,29,13,11,0,1,16,21,6,8,0,5,10,8,7,3
2021,1,A,골목상권,1000734,국사봉2길,55,34,21,0,2,13,12,17,11,0,2,6,7,11,8,0,0,7,5,6,3
2021,1,A,골목상권,1000735,국사봉길,138,79,59,0,6,30,44,35,23,0,2,15,20,25,17,0,4,15,24,10,6
2021,1,A,골목상권,1000736,노량진로6길,307,204,103,1,32,58,78,86,52,1,18,40,44,60,41,0,14,18,34,26,11
2021,1,A,골목상권,1000737,대방동27길,465,223,242,0,65,103,104,127,66,0,13,53,55,60,42,0,52,50,49,67,24
2021,1,A,골목상권,1000738,대방동2길,281,134,147,0,29,70,56,90,36,0,10,41,31,36,16,0,19,29,25,54,20
2021,1,A,골목상권,1000739,동작대로17길,806,386,420,0,153,270,229,95,59,0,63,117,100,61,45,0,90,153,129,34,14
2021,1,A,골목상권,1000740,동작대로29길,224,49,175,5,24,36,38,73,48,2,8,15,10,7,7,3,16,21,28,66,41
2021,1,A,골목상권,1000741,동작대로33길,170,88,82,3,27,28,56,33,23,2,7,17,29,17,16,1,20,11,27,16,7
2021,1,A,골목상권,1000742,동작대로35길,190,87,103,0,39,42,45,50,14,0,21,16,21,20,9,0,18,26,24,30,5
2021,1,A,골목상권,1000743,동작대로7길,182,84,98,0,17,34,50,32,49,0,4,17,27,14,22,0,13,17,23,18,27
2021,1,A,골목상권,1000744,등용로14길,409,134,275,1,33,43,103,171,58,0,9,21,39,28,37,1,24,22,64,143,21
2021,1,A,골목상권,1000745,만양로14길,47,29,18,0,6,11,10,10,10,0,1,8,7,7,6,0,5,3,3,3,4
2021,1,A,골목상권,1000746,만양로8길,824,512,312,3,78,170,217,204,152,2,36,101,143,143,87,1,42,69,74,61,65
2021,1,A,골목상권,1000747,사당로16가길,237,147,90,1,39,74,56,36,31,0,19,41,34,26,27,1,20,33,22,10,4
2021,1,A,골목상권,1000748,사당로16길,116,36,80,0,13,20,29,40,14,0,2,7,5,12,10,0,11,13,24,28,4
2021,1,A,골목상권,1000749,사당로20길,103,53,50,0,11,24,31,21,16,0,3,16,13,12,9,0,8,8,18,9,7
2021,1,A,골목상권,1000751,사당로23나길,36,21,15,0,3,7,11,12,3,0,3,4,6,5,3,0,0,3,5,7,0
2021,1,A,골목상권,1000752,사당로26길,321,199,122,2,20,44,96,120,39,1,3,30,61,70,34,1,17,14,35,50,5
2021,1,A,골목상권,1000753,사당로29길,128,78,50,0,27,34,27,19,21,0,7,21,17,14,19,0,20,13,10,5,2
2021,1,A,골목상권,1000754,사당로2차길,324,216,108,1,33,57,86,97,50,0,21,30,53,69,43,1,12,27,33,28,7
2021,1,A,골목상권,1000755,사당로30길,514,180,334,3,172,121,96,69,53,0,29,33,35,38,45,3,143,88,61,31,8
2021,1,A,골목상권,1000757,상도로15길,320,121,199,2,10,27,53,87,141,1,6,19,24,24,47,1,4,8,29,63,94
2021,1,A,골목상권,1000758,상도로37길,128,65,63,0,36,22,32,28,10,0,13,11,20,14,7,0,23,11,12,14,3
2021,1,A,골목상권,1000759,상도로47길,601,288,313,0,68,157,154,147,75,0,23,89,75,62,39,0,45,68,79,85,36
2021,1,A,골목상권,1000760,상도로61길,187,67,120,0,10,51,57,46,23,0,2,14,22,11,18,0,8,37,35,35,5
2021,1,A,골목상권,1000761,상도로62길,332,179,153,1,42,71,80,74,64,0,22,34,50,31,42,1,20,37,30,43,22
2021,1,A,골목상권,1000762,서달로10길,51,28,23,0,6,12,13,8,12,0,4,6,4,5,9,0,2,6,9,3,3
2021,1,A,골목상권,1000763,서달로14길,21,7,14,0,1,4,5,8,3,0,0,1,2,2,2,0,1,3,3,6,1
2021,1,A,골목상권,1000764,서달로15길,42,14,28,1,7,4,15,10,5,0,0,1,6,5,2,1,7,3,9,5,3
2021,1,A,골목상권,1000765,서달로8가길,83,34,49,0,13,15,16,21,18,0,5,6,7,9,7,0,8,9,9,12,11
2021,1,A,골목상권,1000766,성대로1길,87,43,44,0,6,12,17,33,19,0,1,4,7,17,14,0,5,8,10,16,5
2021,1,A,골목상권,1000767,성대로29길,297,143,154,0,108,92,50,35,12,0,51,53,23,11,5,0,57,39,27,24,7
2021,1,A,골목상권,1000768,신대방길,191,90,101,0,23,50,60,30,28,0,6,17,30,18,19,0,17,33,30,12,9
2021,1,A,골목상권,1000769,양녕로26길,92,49,43,1,17,13,20,24,17,0,5,6,12,13,13,1,12,7,8,11,4
2021,1,A,골목상권,1000770,여의대방로22길,241,128,113,0,29,37,66,70,39,0,11,17,31,42,27,0,18,20,35,28,12
2021,1,A,골목상권,1000771,여의대방로22나길,188,95,93,1,16,24,28,36,83,1,10,11,12,18,43,0,6,13,16,18,40
2021,1,A,골목상권,1000772,여의대방로22카길,346,202,144,1,17,30,65,93,140,1,14,20,34,39,94,0,3,10,31,54,46
2021,1,A,골목상권,1000773,여의대방로24길,16249,10586,5663,45,3316,3142,2424,3906,3416,23,2691,2662,1612,1847,1751,22,625,480,812,2059,1665
2021,1,A,골목상권,1000774,여의대방로46길,1238,733,505,4,179,331,335,206,183,3,100,220,200,110,100,1,79,111,135,96,83
2021,1,A,골목상권,1000775,장승배기로10길,223,90,133,0,25,37,45,71,45,0,7,21,23,24,15,0,18,16,22,47,30
2021,1,A,골목상권,1000776,장승배기로19길,518,409,109,0,195,135,75,49,64,0,177,105,47,38,42,0,18,30,28,11,22
2021,1,A,골목상권,1000777,장승배기로27길,260,135,125,0,14,60,66,79,41,0,12,31,32,40,20,0,2,29,34,39,21
2021,1,A,골목상권,1000778,흑석로13길,77,33,44,0,10,16,23,16,12,0,1,6,12,6,8,0,9,10,11,10,4
2021,1,A,골목상권,1000779,흑석로9길,110,76,34,0,17,16,35,27,15,0,10,13,27,16,10,0,7,3,8,11,5
2021,1,A,골목상권,1000780,관악로10길,1482,1050,432,3,269,661,283,158,108,2,150,501,202,108,87,1,119,160,81,50,21
2021,1,A,골목상권,1000781,관악로14길,109,42,67,0,8,16,30,31,24,0,5,3,5,15,14,0,3,13,25,16,10
2021,1,A,골목상권,1000782,관악로28길,122,39,83,0,21,21,29,29,22,0,3,6,10,10,10,0,18,15,19,19,12
2021,1,A,골목상권,1000783,관악로30길,140,51,89,2,37,32,31,26,12,2,17,10,9,9,4,0,20,22,22,17,8
2021,1,A,골목상권,1000784,관천로15길,236,149,87,1,28,49,55,60,43,1,15,31,33,39,30,0,13,18,22,21,13
2021,1,A,골목상권,1000785,관천로22길,194,117,77,0,31,30,62,44,27,0,13,19,34,30,21,0,18,11,28,14,6
2021,1,A,골목상권,1000786,구암길,228,72,156,0,25,51,70,60,22,0,9,21,15,14,13,0,16,30,55,46,9
2021,1,A,골목상권,1000787,국회단지길,1430,396,1034,9,229,316,339,460,77,0,41,118,114,96,27,9,188,198,225,364,50
2021,1,A,골목상권,1000788,낙성대역길,431,230,201,1,84,110,110,97,29,1,40,56,59,54,20,0,44,54,51,43,9
2021,1,A,골목상권,1000789,난곡로24길,89,34,55,0,12,18,21,31,7,0,5,8,5,11,5,0,7,10,16,20,2
2021,1,A,골목상권,1000790,난곡로26길,120,85,35,0,18,19,29,45,9,0,11,15,20,30,9,0,7,4,9,15,0
2021,1,A,골목상권,1000791,난곡로34길,47,19,28,0,10,5,13,9,10,0,0,1,5,5,8,0,10,4,8,4,2
2021,1,A,골목상권,1000792,난곡로74길,2179,1754,425,0,360,677,754,345,43,0,175,536,674,332,37,0,185,141,80,13,6
2021,1,A,골목상권,1000793,난우길,217,121,96,1,36,43,39,50,48,0,22,25,24,19,31,1,14,18,15,31,17
2021,1,A,골목상권,1000794,난향길,206,89,117,0,14,56,58,57,21,0,0,22,27,29,11,0,14,34,31,28,10
2021,1,A,골목상권,1000795,남부순환로142길,418,252,166,1,29,55,141,130,62,1,21,36,88,62,44,0,8,19,53,68,18
2021,1,A,골목상권,1000796,남부순환로151길,788,369,419,0,167,287,164,110,60,0,49,139,97,48,36,0,118,148,67,62,24
2021,1,A,골목상권,1000797,남부순환로161길,347,223,124,1,45,78,77,90,56,1,22,50,54,55,41,0,23,28,23,35,15
2021,1,A,골목상권,1000798,남부순환로172길,450,316,134,1,64,125,78,98,84,1,45,94,55,63,58,0,19,31,23,35,26
2021,1,A,골목상권,1000799,남부순환로234길,126,81,45,0,14,33,33,26,20,0,8,23,21,13,16,0,6,10,12,13,4
2021,1,A,골목상권,1000800,남부순환로248길,404,213,191,2,62,135,96,72,37,0,23,74,50,45,21,2,39,61,46,27,16
2021,1,A,골목상권,1000801,남현2길,568,398,170,0,90,149,146,121,62,0,45,104,107,91,51,0,45,45,39,30,11
2021,1,A,골목상권,1000802,남현3길,372,256,116,0,32,59,134,74,73,0,12,39,95,57,53,0,20,20,39,17,20
2021,1,A,골목상권,1000803,남현길,117,28,89,0,14,19,24,32,28,0,4,6,14,2,2,0,10,13,10,30,26
2021,1,A,골목상권,1000804,당곡길,227,117,110,0,43,41,56,58,29,0,26,18,26,28,19,0,17,23,30,30,10
2021,1,A,골목상권,1000805,대학14길,61,31,30,0,7,12,17,11,14,0,0,6,12,7,6,0,7,6,5,4,8
2021,1,A,골목상권,1000806,대학길,80,45,35,0,11,20,19,21,9,0,5,13,9,15,3,0,6,7,10,6,6
2021,1,A,골목상권,1000807,미성5길,309,154,155,2,38,36,51,93,89,2,17,23,32,46,34,0,21,13,19,47,55
2021,1,A,골목상권,1000808,법원단지9길,163,102,61,0,19,35,33,49,27,0,7,25,19,31,20,0,12,10,14,18,7
2021,1,A,골목상권,1000809,법원단지길,16,5,11,0,0,1,7,6,2,0,0,0,0,3,2,0,0,1,7,3,0
2021,1,A,골목상권,1000810,복은길,405,229,176,0,44,72,98,94,97,0,14,21,54,60,80,0,30,51,44,34,17
2021,1,A,골목상권,1000811,봉천로13길,241,86,155,0,39,72,52,65,13,0,5,28,18,30,5,0,34,44,34,35,8
2021,1,A,골목상권,1000812,봉천로33길,211,131,80,0,34,49,60,38,30,0,15,23,38,31,24,0,19,26,22,7,6
2021,1,A,골목상권,1000813,서림7길,116,58,58,1,26,27,23,19,20,1,11,13,9,11,13,0,15,14,14,8,7
2021,1,A,골목상권,1000814,승방길,251,141,110,0,39,60,56,48,48,0,15,38,25,31,32,0,24,22,31,17,16
2021,1,A,골목상권,1000815,신림동길,669,435,234,1,53,110,177,179,149,1,27,61,105,119,122,0,26,49,72,60,27
2021,1,A,골목상권,1000816,신림로11길,284,183,101,1,37,67,71,58,50,1,17,40,50,35,40,0,20,27,21,23,10
2021,1,A,골목상권,1000817,신림로28길,442,283,159,1,70,84,145,100,42,0,46,58,91,63,25,1,24,26,54,37,17
2021,1,A,골목상권,1000818,신림로38길,147,90,57,0,13,20,43,37,34,0,7,14,21,23,25,0,6,6,22,14,9
2021,1,A,골목상권,1000819,신림로48길,75,49,26,0,12,16,16,21,10,0,6,11,11,14,7,0,6,5,5,7,3
2021,1,A,골목상권,1000820,신림로64길,113,45,68,1,7,29,35,18,23,0,2,13,10,5,15,1,5,16,25,13,8
2021,1,A,골목상권,1000821,신림로65길,228,175,53,0,2,3,31,27,165,0,1,1,17,17,139,0,1,2,14,10,26
2021,1,A,골목상권,1000822,신사로20길,121,93,28,0,16,22,36,29,18,0,15,14,30,23,11,0,1,8,6,6,7
2021,1,A,골목상권,1000823,신원로3길,180,103,77,0,14,42,50,46,28,0,6,24,27,29,17,0,8,18,23,17,11
2021,1,A,골목상권,1000824,양녕로6길,205,124,81,0,26,50,44,46,39,0,12,27,30,29,26,0,14,23,14,17,13
2021,1,A,골목상권,1000825,은천로25길,44,21,23,0,5,1,14,15,9,0,1,0,8,8,4,0,4,1,6,7,5
2021,1,A,골목상권,1000826,인헌길,115,61,54,2,17,28,38,18,12,2,4,17,18,8,12,0,13,11,20,10,0
2021,1,A,골목상권,1000827,장군봉1길,326,166,160,0,65,82,77,69,33,0,14,46,40,39,27,0,51,36,37,30,6
2021,1,A,골목상권,1000828,장군봉2길,201,115,86,0,25,43,43,50,40,0,6,18,22,35,34,0,19,25,21,15,6
2021,1,A,골목상권,1000829,조원로10길,397,215,182,1,38,105,82,96,75,0,12,55,50,53,45,1,26,50,32,43,30
2021,1,A,골목상권,1000830,조원로18길,179,92,87,3,24,33,52,48,19,1,6,19,27,26,13,2,18,14,25,22,6
2021,1,A,골목상권,1000831,조원중앙로2길,921,694,227,0,121,277,215,238,70,0,78,210,165,189,52,0,43,67,50,49,18
2021,1,A,골목상권,1000832,중앙길,99,30,69,0,11,15,25,31,17,0,1,4,5,10,10,0,10,11,20,21,7
2021,1,A,골목상권,1000833,청룡8길,222,53,169,0,28,63,63,50,18,0,5,18,8,12,10,0,23,45,55,38,8
2021,1,A,골목상권,1000834,청룡길,404,224,180,1,27,66,135,112,63,0,6,25,76,70,47,1,21,41,59,42,16
2021,1,A,골목상권,1000835,청림3길,167,58,109,0,43,42,32,33,17,0,8,13,16,10,11,0,35,29,16,23,6
2021,1,A,골목상권,1000836,행운1길,250,151,99,0,59,67,50,55,19,0,34,29,31,40,17,0,25,38,19,15,2
2021,1,A,골목상권,1000837,행운길,557,428,129,2,61,163,120,107,104,0,31,118,92,90,97,2,30,45,28,17,7
2021,1,A,골목상권,1000838,호암로20길,186,77,109,0,35,44,56,33,18,0,4,15,26,21,11,0,31,29,30,12,7
2021,1,A,골목상권,1000839,호암로24길,1218,1084,134,0,243,351,373,203,48,0,204,322,342,178,38,0,39,29,31,25,10
2021,1,A,골목상권,1000840,양산길,11,3,8,0,1,1,4,4,1,0,1,0,1,1,0,0,0,1,3,3,1
2021,1,A,골목상권,1000842,원신길,22,11,11,2,2,5,3,5,5,0,1,4,0,2,4,2,1,1,3,3,1
2021,1,A,골목상권,1000843,소담길,14,4,10,0,0,1,4,3,6,0,0,0,0,0,4,0,0,1,4,3,2
2021,1,A,골목상권,1000844,강남대로23길,2897,1993,904,3,487,847,768,555,237,2,285,608,522,373,203,1,202,239,246,182,34
2021,1,A,골목상권,1000845,강남대로34길,1734,1204,530,13,349,492,398,253,229,12,174,359,306,178,175,1,175,133,92,75,54
2021,1,A,골목상권,1000846,강남대로8길,1850,1231,619,4,242,449,462,399,294,2,121,304,315,272,217,2,121,145,147,127,77
2021,1,A,골목상권,1000847,고무래로8길,5479,3568,1911,15,604,1376,1561,1030,893,7,305,850,1168,689,549,8,299,526,393,341,344
2021,1,A,골목상권,1000848,남부순환로317길,2386,1532,854,4,366,708,587,425,296,0,186,453,431,256,206,4,180,255,156,169,90
2021,1,A,골목상권,1000849,남부순환로325길,1477,1061,416,6,401,451,309,152,158,2,244,339,233,108,135,4,157,112,76,44,23
2021,1,A,골목상권,1000850,남부순환로339길,1451,978,473,5,292,426,348,222,158,3,159,286,254,163,113,2,133,140,94,59,45
2021,1,A,골목상권,1000851,논현로1길,1227,780,447,5,269,367,293,191,102,4,136,232,193,136,79,1,133,135,100,55,23
2021,1,A,골목상권,1000852,논현로27길,2808,2146,662,10,460,690,692,452,504,7,279,507,545,364,444,3,181,183,147,88,60
2021,1,A,골목상권,1000853,동광로12길,1237,610,627,2,368,326,260,182,99,0,123,167,133,115,72,2,245,159,127,67,27
2021,1,A,골목상권,1000854,동광로1길,2565,1862,703,3,193,350,313,359,1347,2,86,185,162,207,1220,1,107,165,151,152,127
2021,1,A,골목상권,1000855,동광로39길,1227,825,402,6,179,328,402,245,67,2,82,208,299,185,49,4,97,120,103,60,18
2021,1,A,골목상권,1000856,동산로10길,2158,1493,665,8,481,731,479,295,164,3,309,521,350,193,117,5,172,210,129,102,47
2021,1,A,골목상권,1000857,동산로19길,1276,633,643,1,108,185,369,347,266,1,51,107,160,136,178,0,57,78,209,211,88
2021,1,A,골목상권,1000858,방배천로4안길,959,401,558,1,262,281,181,126,108,0,63,103,96,68,71,1,199,178,85,58,37
2021,1,A,골목상권,1000859,마방로2길,3582,2570,1012,20,575,1020,900,645,422,16,347,760,672,445,330,4,228,260,228,200,92
2021,1,A,골목상권,1000860,바우뫼로39길,2648,1935,713,5,381,541,630,561,530,2,207,383,453,428,462,3,174,158,177,133,68
2021,1,A,골목상권,1000861,반포대로9길,538,288,250,5,77,99,153,127,77,4,47,61,72,63,41,1,30,38,81,64,36
2021,1,A,골목상권,1000862,방배로18길,873,535,338,2,204,317,196,92,62,0,70,192,159,69,45,2,134,125,37,23,17
2021,1,A,골목상권,1000863,방배로35길,1137,711,426,1,193,244,258,228,213,0,51,128,172,167,193,1,142,116,86,61,20
2021,1,A,골목상권,1000864,방배로42길,861,707,154,5,77,112,329,277,61,4,41,69,302,246,45,1,36,43,27,31,16
2021,1,A,골목상권,1000865,사임당로17길,1939,1273,666,10,414,648,407,270,190,9,211,425,306,183,139,1,203,223,101,87,51
2021,1,A,골목상권,1000866,사평대로22길,1697,1052,645,8,312,482,394,276,225,3,135,310,268,183,153,5,177,172,126,93,72
2021,1,A,골목상권,1000867,사평대로26길,509,346,163,0,64,128,135,104,78,0,42,95,96,62,51,0,22,33,39,42,27
2021,1,A,골목상권,1000868,사평대로57길,65,33,32,0,6,20,19,16,4,0,0,8,13,8,4,0,6,12,6,8,0
2021,1,A,골목상권,1000869,서초대로15길,467,253,214,5,84,80,111,114,73,2,37,44,67,66,37,3,47,36,44,48,36
2021,1,A,골목상권,1000870,서초대로23길,2098,1239,859,3,439,633,477,297,249,2,200,388,311,176,162,1,239,245,166,121,87
2021,1,A,골목상권,1000871,서초대로25길,2073,1591,482,5,353,572,466,415,262,5,239,408,373,342,224,0,114,164,93,73,38
2021,1,A,골목상권,1000872,서초대로4길,847,478,369,4,169,223,242,137,72,1,87,128,142,59,61,3,82,95,100,78,11
2021,1,A,골목상권,1000873,서초대로64길,829,489,340,1,114,180,229,182,123,0,46,112,137,106,88,1,68,68,92,76,35
2021,1,A,골목상권,1000874,서초대로8길,2598,644,1954,8,633,729,658,355,215,0,150,169,122,99,104,8,483,560,536,256,111
2021,1,A,골목상권,1000875,신반포로45길,1192,625,567,5,182,294,295,217,199,5,62,146,179,116,117,0,120,148,116,101,82
2021,1,A,골목상권,1000876,언남길,1128,742,386,2,185,268,315,221,137,1,103,166,200,164,108,1,82,102,115,57,29
2021,1,A,골목상권,1000877,주흥15길,834,539,295,1,122,201,180,150,180,1,63,121,122,98,134,0,59,80,58,52,46
2021,1,A,골목상권,1000878,주흥길,164,111,53,0,17,24,59,35,29,0,10,17,35,27,22,0,7,7,24,8,7
2021,1,A,골목상권,1000879,청두곶길,1446,795,651,2,116,308,439,383,198,0,46,169,206,247,127,2,70,139,233,136,71
2021,1,A,골목상권,1000880,효령로23길,1492,964,528,9,176,372,381,347,207,8,111,265,255,205,120,1,65,107,126,142,87
2021,1,A,골목상권,1000881,효령로31길,2710,2198,512,43,852,1074,535,128,78,39,643,920,447,95,54,4,209,154,88,33,24
2021,1,A,골목상권,1000882,효령로34길,1015,653,362,1,167,364,200,154,129,1,87,239,141,96,89,0,80,125,59,58,40
2021,1,A,골목상권,1000883,효령로72길,3428,2690,738,7,604,936,778,964,139,4,401,657,668,859,101,3,203,279,110,105,38
2021,1,A,골목상권,1000884,방배중앙로21길,7153,2605,4548,7,1237,1765,2477,1306,361,1,330,590,942,590,152,6,907,1175,1535,716,209
2021,1,A,골목상권,1000885,서초중앙로8길,21671,11288,10383,22,4691,4980,3921,7112,945,5,1405,2288,1748,5131,711,17,3286,2692,2173,1981,234
2021,1,A,골목상권,1000886,강남대로118길,218,91,127,0,19,47,65,43,44,0,1,15,37,16,22,0,18,32,28,27,22
2021,1,A,골목상권,1000887,강남대로136길,5070,3655,1415,10,1201,1935,1121,614,189,6,702,1417,905,490,135,4,499,518,216,124,54
2021,1,A,골목상권,1000888,강남대로140길,1433,810,623,0,220,350,332,298,233,0,73,178,196,184,179,0,147,172,136,114,54
2021,1,A,골목상권,1000889,개포로17길,961,659,302,0,135,286,315,146,79,0,59,189,244,99,68,0,76,97,71,47,11
2021,1,A,골목상권,1000890,개포로20길,647,400,247,1,105,176,186,111,68,0,51,93,123,80,53,1,54,83,63,31,15
2021,1,A,골목상권,1000891,개포로28길,589,445,144,6,72,118,111,121,161,2,28,80,88,102,145,4,44,38,23,19,16
2021,1,A,골목상권,1000892,개포로82길,103,51,52,0,6,26,23,29,19,0,1,10,15,13,12,0,5,16,8,16,7
2021,1,A,골목상권,1000893,남부순환로365길,691,445,246,1,93,172,166,160,99,1,48,90,110,117,79,0,45,82,56,43,20
2021,1,A,골목상권,1000894,논현로106길,1488,1027,461,2,212,449,431,225,169,2,108,318,330,152,117,0,104,131,101,73,52
2021,1,A,골목상권,1000895,논현로10길,454,271,183,1,89,133,103,93,35,0,28,81,74,63,25,1,61,52,29,30,10
2021,1,A,골목상권,1000896,논현로115길,2866,1752,1114,16,807,1087,593,259,104,5,350,692,443,182,80,11,457,395,150,77,24
2021,1,A,골목상권,1000897,논현로123길,162,106,56,1,28,40,50,25,18,0,12,30,36,19,9,1,16,10,14,6,9
2021,1,A,골목상권,1000898,논현로139길,3565,2123,1442,16,934,1220,865,367,163,0,408,737,592,270,116,16,526,483,273,97,47
2021,1,A,골목상권,1000899,논현로159길,109,49,60,0,35,22,22,21,9,0,11,9,8,16,5,0,24,13,14,5,4
2021,1,A,골목상권,1000900,논현로26길,17916,5148,12768,76,2984,3579,6443,3961,873,37,1351,1737,1106,547,370,39,1633,1842,5337,3414,503
2021,1,A,골목상권,1000901,논현로28길,2736,1826,910,11,696,753,524,354,398,5,338,444,374,296,369,6,358,309,150,58,29
2021,1,A,골목상권,1000902,논현로63길,2139,1352,787,8,401,563,537,376,254,1,182,354,380,255,180,7,219,209,157,121,74
2021,1,A,골목상권,1000903,논현로8길,1081,701,380,2,154,229,217,204,275,0,85,164,121,128,203,2,69,65,96,76,72
2021,1,A,골목상권,1000904,도곡로37길,7206,4518,2688,86,2133,1928,1631,1061,367,31,1142,1317,1156,613,259,55,991,611,475,448,108
2021,1,A,골목상권,1000905,도산대로15길,123,65,58,0,31,39,28,18,7,0,16,25,14,6,4,0,15,14,14,12,3
2021,1,A,골목상권,1000906,도산대로23길,425,176,249,0,64,130,144,68,19,0,22,54,61,27,12,0,42,76,83,41,7
2021,1,A,골목상권,1000907,도산대로30길,3153,1611,1542,7,958,974,622,408,184,2,349,511,394,239,116,5,609,463,228,169,68
2021,1,A,골목상권,1000908,도산대로38길,1043,622,421,3,147,183,232,197,281,2,52,93,137,145,193,1,95,90,95,52,88
2021,1,A,골목상권,1000909,도산대로50길,2685,1863,822,14,578,836,645,433,179,6,329,540,493,349,146,8,249,296,152,84,33
2021,1,A,골목상권,1000910,도산대로81길,3094,1363,1731,10,813,1163,670,290,148,5,258,477,323,179,121,5,555,686,347,111,27
2021,1,A,골목상권,1000911,도산대로89길,1284,730,554,9,309,361,276,206,123,2,163,236,173,87,69,7,146,125,103,119,54
2021,1,A,골목상권,1000912,봉은사로109길,2837,2093,744,7,630,1231,611,243,115,0,363,947,506,190,87,7,267,284,105,53,28
2021,1,A,골목상권,1000913,봉은사로29길,1860,1203,657,7,370,565,424,285,209,5,167,321,302,226,182,2,203,244,122,59,27
2021,1,A,골목상권,1000914,봉은사로43길,2978,1692,1286,9,471,852,885,497,264,5,203,497,481,299,207,4,268,355,404,198,57
2021,1,A,골목상권,1000915,봉은사로57길,638,409,229,6,169,206,146,74,37,5,91,140,97,51,25,1,78,66,49,23,12
2021,1,A,골목상권,1000916,봉은사로68길,1265,789,476,3,247,453,315,156,91,2,120,271,223,110,63,1,127,182,92,46,28
2021,1,A,골목상권,1000917,삼성로115길,839,429,410,1,157,205,225,174,77,1,53,92,125,100,58,0,104,113,100,74,19
2021,1,A,골목상권,1000918,삼성로147길,190,88,102,0,51,56,34,25,24,0,12,31,19,12,14,0,39,25,15,13,10
2021,1,A,골목상권,1000919,삼성로57길,3231,1896,1335,9,676,979,832,548,187,4,213,563,544,426,146,5,463,416,288,122,41
2021,1,A,골목상권,1000920,삼성로63길,1079,554,525,3,130,330,265,244,107,1,51,131,137,152,82,2,79,199,128,92,25
2021,1,A,골목상권,1000921,삼성로64길,2957,1473,1484,16,452,408,434,560,1087,13,263,251,209,199,538,3,189,157,225,361,549
2021,1,A,골목상권,1000922,삼성로69길,2064,1086,978,2,296,446,473,418,429,1,119,256,258,215,237,1,177,190,215,203,192
2021,1,A,골목상권,1000923,삼성로75길,1814,1262,552,8,320,479,441,343,223,5,160,325,335,253,184,3,160,154,106,90,39
2021,1,A,골목상권,1000924,선릉로121길,2263,1243,1020,11,606,680,396,300,270,6,276,266,271,238,186,5,330,414,125,62,84
2021,1,A,골목상권,1000925,선릉로132길,1305,645,660,1,215,259,250,294,286,1,101,136,119,140,148,0,114,123,131,154,138
2021,1,A,골목상권,1000926,선릉로133길,739,434,305,2,155,215,162,107,98,1,59,121,107,64,82,1,96,94,55,43,16
2021,1,A,골목상권,1000927,선릉로146길,1123,536,587,3,246,393,245,144,92,2,66,174,142,90,62,1,180,219,103,54,30
2021,1,A,골목상권,1000928,선릉로18길,466,366,100,7,64,151,114,104,26,4,46,130,97,70,19,3,18,21,17,34,7
2021,1,A,골목상권,1000929,압구정로2길,1937,1352,585,5,337,640,509,345,101,2,138,450,387,288,87,3,199,190,122,57,14
2021,1,A,골목상권,1000930,언주로81길,5810,3989,1821,29,1001,1754,1592,924,510,8,529,1193,1198,684,377,21,472,561,394,240,133
2021,1,A,골목상권,1000931,영동대로112길,9367,7734,1633,10,2213,3740,2287,833,284,4,1808,3118,1885,682,237,6,405,622,402,151,47
2021,1,A,골목상권,1000932,영동대로65길,1175,692,483,5,194,324,291,219,142,2,85,192,189,126,98,3,109,132,102,93,44
2021,1,A,골목상권,1000933,일원로3길,513,237,276,1,62,93,108,113,136,0,28,43,39,41,86,1,34,50,69,72,50
2021,1,A,골목상권,1000934,일원로9길,590,334,256,3,70,69,123,111,214,2,36,40,75,59,122,1,34,29,48,52,92
2021,1,A,골목상권,1000935,테헤란로81길,1637,791,846,12,460,575,329,151,110,1,176,265,179,88,82,11,284,310,150,63,28
2021,1,A,골목상권,1000936,학동로38길,1862,891,971,5,531,646,410,176,94,1,131,304,246,137,72,4,400,342,164,39,22
2021,1,A,골목상권,1000937,학동로56길,2421,1533,888,6,302,458,632,781,242,3,177,282,399,477,195,3,125,176,233,304,47
2021,1,A,골목상권,1000938,학동로6길,1447,977,470,3,178,205,353,375,333,3,125,151,242,236,220,0,53,54,111,139,113
2021,1,A,골목상권,1000939,학동로77길,1851,1119,732,6,381,700,403,247,114,2,173,446,262,158,78,4,208,254,141,89,36
2021,1,A,골목상권,1000940,거마로20길,503,229,274,1,93,136,147,101,25,0,31,65,68,49,16,1,62,71,79,52,9
2021,1,A,골목상권,1000941,동남로20길,2463,1773,690,12,396,645,578,528,304,10,278,477,407,368,233,2,118,168,171,160,71
2021,1,A,골목상권,1000942,마천로51길,417,245,172,0,44,97,84,123,69,0,31,60,39,61,54,0,13,37,45,62,15
2021,1,A,골목상권,1000943,백제고분로21길,483,309,174,0,64,145,121,93,60,0,29,93,78,66,43,0,35,52,43,27,17
2021,1,A,골목상권,1000944,백제고분로22길,1371,955,416,0,185,408,385,246,147,0,102,292,280,167,114,0,83,116,105,79,33
2021,1,A,골목상권,1000945,백제고분로31길,1708,1370,338,0,86,234,312,223,853,0,43,155,203,154,815,0,43,79,109,69,38
2021,1,A,골목상권,1000946,백제고분로32길,725,407,318,2,56,151,206,197,113,2,29,78,109,112,77,0,27,73,97,85,36
2021,1,A,골목상권,1000947,백제고분로33길,921,574,347,1,86,171,209,231,223,1,43,96,133,148,153,0,43,75,76,83,70
2021,1,A,골목상권,1000948,백제고분로34길,1779,1368,411,7,253,345,323,395,456,7,181,288,247,282,363,0,72,57,76,113,93
2021,1,A,골목상권,1000949,백제고분로39길,566,393,173,1,75,109,125,120,136,0,45,66,83,78,121,1,30,43,42,42,15
2021,1,A,골목상권,1000950,백제고분로42길,590,289,301,0,52,121,150,176,91,0,27,67,74,74,47,0,25,54,76,102,44
2021,1,A,골목상권,1000951,백제고분로45길,1349,869,480,4,198,345,419,246,137,1,104,226,275,166,97,3,94,119,144,80,40
2021,1,A,골목상권,1000952,백제고분로46길,665,472,193,3,58,92,145,215,152,3,30,59,102,154,124,0,28,33,43,61,28
2021,1,A,골목상권,1000953,백제고분로50길,1209,796,413,1,162,369,347,203,127,1,78,251,246,132,88,0,84,118,101,71,39
2021,1,A,골목상권,1000954,삼전로13길,1420,916,504,11,252,325,359,238,235,0,108,224,262,144,178,11,144,101,97,94,57
2021,1,A,골목상권,1000955,송이로23길,1850,1269,581,3,252,419,411,367,398,1,128,286,289,250,315,2,124,133,122,117,83
2021,1,A,골목상권,1000956,송이로32길,1295,733,562,5,123,230,291,259,387,3,68,138,182,135,207,2,55,92,109,124,180
2021,1,A,골목상권,1000957,송이로36길,2096,1409,687,7,396,598,492,369,234,3,220,414,360,209,203,4,176,184,132,160,31
2021,1,A,골목상권,1000958,송파대로30길,2240,1393,847,6,486,662,557,351,178,0,190,404,395,260,144,6,296,258,162,91,34
2021,1,A,골목상권,1000959,양재대로62길,3230,2137,1093,2,95,370,418,407,1938,1,38,238,296,231,1333,1,57,132,122,176,605
2021,1,A,골목상권,1000960,양재대로64길,1212,705,507,4,120,281,322,334,151,1,60,186,205,162,91,3,60,95,117,172,60
2021,1,A,골목상권,1000961,양재대로71길,1999,1458,541,5,114,287,421,409,763,4,55,175,274,277,673,1,59,112,147,132,90
2021,1,A,골목상권,1000962,양재대로72길,245,124,121,0,21,31,61,72,60,0,8,15,22,35,44,0,13,16,39,37,16
2021,1,A,골목상권,1000963,오금로11길,1427,884,543,1,182,343,311,338,252,0,64,220,209,197,194,1,118,123,102,141,58
2021,1,A,골목상권,1000964,오금로36길,1133,803,330,4,170,264,343,235,117,2,96,183,257,165,100,2,74,81,86,70,17
2021,1,A,골목상권,1000965,오금로46길,711,359,352,3,94,140,176,210,88,2,48,80,96,87,46,1,46,60,80,123,42
2021,1,A,골목상권,1000966,풍성로25길,84,43,41,0,16,16,22,22,8,0,5,8,13,11,6,0,11,8,9,11,2
2021,1,A,골목상권,1000967,강동대로53길,1092,726,366,5,197,269,263,211,147,5,120,193,175,132,101,0,77,76,88,79,46
2021,1,A,골목상권,1000968,고덕로10길,738,335,403,0,46,53,39,69,531,0,11,35,16,24,249,0,35,18,23,45,282
2021,1,A,골목상권,1000969,고덕로25길,143,91,52,0,23,30,28,34,28,0,12,26,16,19,18,0,11,4,12,15,10
2021,1,A,골목상권,1000970,고덕로61길,137,93,44,0,6,23,29,31,48,0,4,14,18,15,42,0,2,9,11,16,6
2021,1,A,골목상권,1000971,구천면로36길,32,14,18,0,3,6,9,12,2,0,0,3,4,5,2,0,3,3,5,7,0
2021,1,A,골목상권,1000972,구천면로41길,442,228,214,1,48,119,113,117,44,1,19,57,64,61,26,0,29,62,49,56,18
2021,1,A,골목상권,1000973,구천면로42길,87,52,35,0,11,27,22,20,7,0,4,17,16,10,5,0,7,10,6,10,2
2021,1,A,골목상권,1000974,동남로65길,297,202,95,1,27,45,73,101,50,1,17,22,52,69,41,0,10,23,21,32,9
2021,1,A,골목상권,1000975,동남로82길,108,64,44,0,12,28,29,18,21,0,5,14,18,11,16,0,7,14,11,7,5
2021,1,A,골목상권,1000976,동남로85길,635,344,291,0,60,81,112,159,223,0,30,54,56,66,138,0,30,27,56,93,85
2021,1,A,골목상권,1000977,명일로13길,302,182,120,0,25,47,57,99,74,0,15,24,33,48,62,0,10,23,24,51,12
2021,1,A,골목상권,1000978,상암로14길,432,261,171,0,49,109,126,86,62,0,24,63,72,52,50,0,25,46,54,34,12
2021,1,A,골목상권,1000979,상암로4길,232,147,85,0,18,61,69,50,34,0,9,45,42,25,26,0,9,16,27,25,8
2021,1,A,골목상권,1000980,상암로51길,302,122,180,0,55,50,55,76,66,0,16,27,31,29,19,0,39,23,24,47,47
2021,1,A,골목상권,1000981,상암로5길,271,99,172,0,39,43,66,57,66,0,6,14,29,25,25,0,33,29,37,32,41
2021,1,A,골목상권,1000982,상일로5길,172,124,48,0,10,33,40,57,32,0,5,22,28,43,26,0,5,11,12,14,6
2021,1,A,골목상권,1000983,성내로5길,1005,650,355,3,163,196,202,258,183,2,85,101,117,172,173,1,78,95,85,86,10
2021,1,A,골목상권,1000984,성안로3길,5508,4242,1266,4,648,735,788,1268,2065,3,484,560,605,951,1639,1,164,175,183,317,426
2021,1,A,골목상권,1000985,암사길,112,70,42,0,9,18,33,28,24,0,4,14,18,17,17,0,5,4,15,11,7
2021,1,A,골목상권,1000986,양재대로101길,677,313,364,1,91,119,173,143,150,1,28,61,80,61,82,0,63,58,93,82,68
2021,1,A,골목상권,1000987,양재대로116길,75,41,34,0,5,14,16,12,28,0,2,5,9,8,17,0,3,9,7,4,11
2021,1,A,골목상권,1000988,양재대로124길,435,258,177,0,29,76,125,120,85,0,20,52,75,60,51,0,9,24,50,60,34
2021,1,A,골목상권,1000989,양재대로133길,189,122,67,0,13,43,54,56,23,0,8,31,30,37,16,0,5,12,24,19,7
2021,1,A,골목상권,1000990,양재대로91길,358,230,128,1,50,81,101,73,52,1,32,54,60,45,38,0,18,27,41,28,14
2021,1,A,골목상권,1000991,양재대로95길,602,324,278,6,56,119,122,168,131,5,30,81,75,69,64,1,26,38,47,99,67
2021,1,A,골목상권,1000992,양재대로96길,197,131,66,2,29,45,51,37,33,1,18,33,32,24,23,1,11,12,19,13,10
2021,1,A,골목상권,1000993,올림픽로48길,1847,1272,575,29,211,407,407,305,488,11,109,287,286,214,365,18,102,120,121,91,123
2021,1,A,골목상권,1000994,올림픽로71길,184,101,83,3,18,51,45,42,25,2,10,23,26,24,16,1,8,28,19,18,9
2021,1,A,골목상권,1000995,올림픽로77길,210,114,96,2,49,39,39,54,27,0,23,22,18,35,16,2,26,17,21,19,11
2021,1,A,골목상권,1000996,올림픽로78길,115,58,57,0,17,27,26,24,21,0,9,9,12,11,17,0,8,18,14,13,4
2021,1,A,골목상권,1000997,올림픽로80길,152,54,98,2,40,35,37,29,9,2,13,9,13,12,5,0,27,26,24,17,4
2021,1,A,골목상권,1000998,올림픽로98길,257,169,88,0,28,39,36,71,83,0,17,26,24,57,45,0,11,13,12,14,38
2021,1,A,골목상권,1000999,진황도로27길,298,174,124,1,41,80,72,67,37,1,17,42,47,39,28,0,24,38,25,28,9
2021,1,A,골목상권,1001000,진황도로47길,131,63,68,0,12,35,48,26,10,0,5,16,21,13,8,0,7,19,27,13,2
2021,1,A,골목상권,1001001,천중로39길,574,375,199,0,41,93,155,144,141,0,14,51,84,100,126,0,27,42,71,44,15
2021,1,A,골목상권,1001002,천중로51길,761,536,225,1,51,141,166,200,202,1,31,102,111,148,143,0,20,39,55,52,59
2021,1,A,골목상권,1001003,천호대로162길,286,149,137,1,36,60,71,60,58,0,20,22,28,38,41,1,16,38,43,22,17
2021,1,A,골목상권,1001004,천호대로170길,303,177,126,1,24,44,66,58,110,1,17,32,41,26,60,0,7,12,25,32,50
2021,1,A,골목상권,1001005,천호대로187길,371,200,171,2,49,94,78,87,61,1,13,48,39,50,49,1,36,46,39,37,12
2021,1,A,골목상권,1001006,천호대로197길,239,168,71,0,26,45,43,60,65,0,22,34,32,35,45,0,4,11,11,25,20
2021,1,A,골목상권,1001007,천호대로219길,486,338,148,0,35,87,127,145,92,0,23,57,92,100,66,0,12,30,35,45,26
2021,1,A,골목상권,1001008,천호옛14길,177,93,84,2,25,23,39,34,54,1,13,12,27,17,23,1,12,11,12,17,31
2021,1,A,골목상권,1001009,천호옛길,420,288,132,0,84,94,82,78,82,0,58,67,57,45,61,0,26,27,25,33,21
2021,1,A,골목상권,1001010,풍성로37가길,128,57,71,0,20,38,31,18,21,0,6,17,12,8,14,0,14,21,19,10,7
2021,1,D,발달상권,1001011,서울 금천구 시흥1동_4,486,164,322,1,56,75,117,138,99,1,19,25,46,36,37,0,37,50,71,102,62
2021,1,D,발달상권,1001012,양재 화물트럭터미널앞_1,1944,1643,301,2,511,660,400,294,77,0,367,593,358,261,64,2,144,67,42,33,13
2021,1,D,발달상권,1001013,양재 화물트럭터미널앞_2,843,619,224,12,155,219,213,164,80,10,109,147,155,132,66,2,46,72,58,32,14
2021,1,D,발달상권,1001014,양재동 꽃시장,1540,858,682,11,337,414,307,384,87,4,129,223,197,252,53,7,208,191,110,132,34
2021,1,D,발달상권,1001015,서울 금천구 독산1동_1,716,485,231,3,109,178,212,141,73,2,68,108,159,101,47,1,41,70,53,40,26
2021,1,D,발달상권,1001016,서울 관악구 대학동_1,662,558,104,2,30,79,181,272,98,0,13,54,158,244,89,2,17,25,23,28,9
2021,1,D,발달상권,1001017,관악구 사당역_3,1538,1135,403,4,331,452,424,252,75,3,210,340,339,191,52,1,121,112,85,61,23
2021,1,D,발달상권,1001018,포이사거리_2,7673,5359,2314,17,1162,2384,2019,1264,827,8,642,1643,1564,898,604,9,520,741,455,366,223
2021,1,D,발달상권,1001019,포이사거리_1,192,141,51,1,18,37,48,29,59,1,9,22,35,18,56,0,9,15,13,11,3
2021,1,D,발달상권,1001020,장지역,4411,3129,1282,15,643,1002,1018,951,782,10,362,688,749,689,631,5,281,314,269,262,151
2021,1,D,발달상권,1001021,가산디지털단지역_1,18317,12138,6179,70,3341,5565,4396,2876,2069,36,1695,3791,3237,1957,1422,34,1646,1774,1159,919,647
2021,1,D,발달상권,1001022,관악구 사당역_2,744,453,291,4,116,191,213,147,73,3,54,120,124,98,54,1,62,71,89,49,19
2021,1,D,발달상권,1001023,가산디지털단지역_2,25194,16241,8953,85,5050,8187,6217,3248,2407,52,2642,5394,4445,2032,1676,33,2408,2793,1772,1216,731
2021,1,D,발달상권,1001024,관악구 사당역_1,5523,2253,3270,3,773,1500,1762,987,498,0,178,526,614,598,337,3,595,974,1148,389,161
2021,1,D,발달상권,1001025,서울 관악구 서울대입구역_1,1502,797,705,13,298,353,337,255,246,7,119,184,177,137,173,6,179,169,160,118,73
2021,1,D,발달상권,1001026,구로디지털단지역,91,67,24,0,4,16,34,21,16,0,2,13,29,11,12,0,2,3,5,10,4
2021,1,D,발달상권,1001027,가산디지털단지역_3,22935,14390,8545,86,4897,7064,5668,3395,1825,58,2468,4477,3815,2148,1424,28,2429,2587,1853,1247,401
2021,1,D,발달상권,1001028,서울 관악구 서울대입구역_2,57,28,29,0,8,5,19,8,17,0,3,1,6,5,13,0,5,4,13,3,4
2021,1,D,발달상권,1001029,양재역_1,515,305,210,23,75,151,116,89,61,14,33,97,72,58,31,9,42,54,44,31,30
2021,1,D,발달상권,1001030,양재역_2,2634,1725,909,2,352,900,732,471,177,1,190,676,507,237,114,1,162,224,225,234,63
2021,1,D,발달상권,1001031,서울 관악구 신림역_1,615,316,299,4,28,56,85,160,282,1,17,38,45,60,155,3,11,18,40,100,127
2021,1,D,발달상권,1001032,서울 관악구 신림역_2,166,63,103,0,34,48,33,26,25,0,7,11,16,13,16,0,27,37,17,13,9
2021,1,D,발달상권,1001033,서울 서초구 남부터미널역_1,2033,1323,710,5,305,541,557,409,216,2,128,356,375,282,180,3,177,185,182,127,36
2021,1,D,발달상권,1001034,서울 서초구 방배역,1690,910,780,8,419,514,370,225,154,0,149,295,241,125,100,8,270,219,129,100,54
2021,1,D,발달상권,1001035,매봉역,5760,4107,1653,28,1174,2073,1523,704,258,17,590,1568,1293,506,133,11,584,505,230,198,125
2021,1,D,발달상권,1001036,문정역,88,52,36,0,14,14,28,22,10,0,5,9,18,13,7,0,9,5,10,9,3
2021,1,D,발달상권,1001037,양재역,904,474,430,2,144,240,244,158,116,2,51,106,127,103,85,0,93,134,117,55,31
2021,1,D,발달상권,1001038,구로디지탈1단지,43655,28446,15209,166,9236,14856,11064,5205,3128,106,4581,9785,7775,3647,2552,60,4655,5071,3289,1558,576
2021,1,D,발달상권,1001039,서울 서초구 남부터미널역_2,3012,1965,1047,5,383,628,809,640,547,1,195,397,543,439,390,4,188,231,266,201,157
2021,1,D,발달상권,1001040,서울 관악구 신림역_3,77,20,57,1,25,8,10,17,16,0,4,2,5,4,5,1,21,6,5,13,11
2021,1,D,발달상권,1001041,서울 강남구 수서역,12418,6339,6079,23,1900,3177,3167,2346,1805,12,860,1669,1497,1232,1069,11,1040,1508,1670,1114,736
2021,1,D,발달상권,1001042,서울 서초구 남부터미널역_3,3060,1217,1843,9,1047,753,631,416,204,4,293,320,308,154,138,5,754,433,323,262,66
2021,1,D,발달상권,1001043,동작구 총신대입구역_2,1633,741,892,7,182,310,326,418,390,5,69,155,176,153,183,2,113,155,150,265,207
2021,1,D,발달상권,1001044,양재역_3,9025,5664,3361,25,1429,2300,2050,1750,1471,5,710,1447,1476,1051,975,20,719,853,574,699,496
2021,1,D,발달상권,1001045,동작구 총신대입구역_1,327,125,202,2,49,51,76,79,70,0,18,15,30,23,39,2,31,36,46,56,31
2021,1,D,발달상권,1001046,서울 관악구 신림역_4,332,165,167,0,34,58,100,77,63,0,8,27,59,29,42,0,26,31,41,48,21
2021,1,D,발달상권,1001047,뱅뱅사거리_1,4820,3658,1162,22,864,1522,1100,960,352,20,516,1148,918,778,278,2,348,374,182,182,74
2021,1,D,발달상권,1001048,뱅뱅사거리,7114,4891,2223,10,2469,2239,1346,623,427,1,1628,1518,1004,443,297,9,841,721,342,180,130
2021,1,D,발달상권,1001049,개봉동 현대아파트 인근,271,126,145,0,35,62,70,60,44,0,12,22,36,35,21,0,23,40,34,25,23
2021,1,D,발달상권,1001050,교대역_1,17722,8352,9370,88,3981,4656,4461,3192,1344,38,1424,2391,2134,1453,912,50,2557,2265,2327,1739,432
2021,1,D,발달상권,1001051,보라매공원,2417,1455,962,6,401,736,707,383,184,4,194,433,450,237,137,2,207,303,257,146,47
2021,1,D,발달상권,1001052,뱅뱅사거리_2,12301,8384,3917,28,1846,3682,3450,2298,997,12,882,2414,2595,1653,828,16,964,1268,855,645,169
2021,1,D,발달상권,1001053,서울 강남구 대치역_1,102,38,64,2,20,21,19,18,22,1,7,5,5,7,13,1,13,16,14,11,9
2021,1,D,발달상권,1001054,서울 강남구 대치역_2,1139,629,510,0,124,418,352,147,98,0,32,203,214,95,85,0,92,215,138,52,13
2021,1,D,발달상권,1001055,서울 서초구 서초역,1858,988,870,4,248,518,513,399,176,4,115,275,264,180,150,0,133,243,249,219,26
2021,1,D,발달상권,1001056,서울 송파구 가락시장역,5421,3249,2172,6,997,1596,1330,909,583,2,432,908,878,548,481,4,565,688,452,361,102
2021,1,D,발달상권,1001057,교대역_2,3971,2510,1461,2,682,1375,1042,592,278,0,324,870,701,418,197,2,358,505,341,174,81
2021,1,R,전통시장,1001461,신림종합시장,8,7,1,0,0,0,0,2,6,0,0,0,0,1,6,0,0,0,0,1,0
2021,1,D,발달상권,1001058,역삼역_1,10667,5507,5160,103,3487,3300,2171,1158,448,26,1247,1825,1451,641,317,77,2240,1475,720,517,131
2021,1,D,발달상권,1001059,교대역_3,1005,649,356,1,104,245,240,215,200,0,28,124,161,160,176,1,76,121,79,55,24
2021,1,D,발달상권,1001061,방배동카페골목,374,218,156,0,34,102,100,85,53,0,14,70,60,37,37,0,20,32,40,48,16
2021,1,D,발달상권,1001062,서울 강남구 강남역_1,25938,14288,11650,88,6203,8644,6930,3220,853,23,2496,4807,4065,2245,652,65,3707,3837,2865,975,201
2021,1,D,발달상권,1001063,교대역_4,6267,3940,2327,42,1100,1637,1618,1162,708,17,510,1007,1128,745,533,25,590,630,490,417,175
2021,1,D,발달상권,1001064,대림역_1,340,205,135,0,54,89,92,69,36,0,24,58,58,39,26,0,30,31,34,30,10
2021,1,D,발달상권,1001065,은마아파트입구사거리_1,277,92,185,2,39,62,85,61,28,0,9,26,23,22,12,2,30,36,62,39,16
2021,1,D,발달상권,1001066,서울 강남구 강남역,27566,14310,13256,74,6880,9161,6519,3589,1343,29,2550,4819,3924,2047,941,45,4330,4342,2595,1542,402
2021,1,D,발달상권,1001067,오류동역,2297,1736,561,4,331,427,533,665,337,3,286,344,402,448,253,1,45,83,131,217,84
2021,1,D,발달상권,1001068,은마아파트입구사거리_2,15650,5160,10490,195,3168,3396,2797,3742,2352,80,1184,1720,1200,668,308,115,1984,1676,1597,3074,2044
2021,1,D,발달상권,1001069,은마아파트입구사거리_3,103,45,58,1,16,25,30,21,10,0,2,10,17,9,7,1,14,15,13,12,3
2021,1,D,발달상권,1001070,은마아파트입구사거리_4,570,252,318,1,106,152,143,111,57,0,38,74,83,37,20,1,68,78,60,74,37
2021,1,D,발달상권,1001071,서울 강남구 한티역,673,371,302,2,113,176,164,137,81,1,41,85,104,86,54,1,72,91,60,51,27
2021,1,D,발달상권,1001072,신대방삼거리역,259,129,130,0,27,40,80,70,42,0,12,17,39,35,26,0,15,23,41,35,16
2021,1,D,발달상권,1001073,서울 강남구 역삼역_1,22546,15049,7497,58,3955,7231,6313,3264,1725,30,2092,4600,4715,2438,1174,28,1863,2631,1598,826,551
2021,1,D,발달상권,1001074,대림역_2,5179,3395,1784,6,528,1040,1232,1299,1074,5,324,854,904,715,593,1,204,186,328,584,481
2021,1,D,발달상권,1001075,역삼역_2,10137,4381,5756,18,1696,2218,2605,3046,554,7,773,1375,1316,591,319,11,923,843,1289,2455,235
2021,1,D,발달상권,1001076,구로역,201,101,100,0,47,52,53,30,19,0,20,30,28,13,10,0,27,22,25,17,9
2021,1,D,발달상권,1001077,선릉역_1,16454,10830,5624,44,4479,4844,3312,2334,1441,27,2322,3250,2441,1722,1068,17,2157,1594,871,612,373
2021,1,D,발달상권,1001078,서울 강남구 강남역_2,9449,4629,4820,28,2791,3376,1834,974,446,8,772,1658,1221,693,277,20,2019,1718,613,281,169
2021,1,D,발달상권,1001079,석촌역,170,135,35,0,27,70,24,22,27,0,11,59,20,20,25,0,16,11,4,2,2
2021,1,D,발달상권,1001080,서울 송파구 석촌역_1,168,96,72,0,16,30,55,36,31,0,6,14,29,23,24,0,10,16,26,13,7
2021,1,D,발달상권,1001081,서울 강남구 역삼역_2,19179,15530,3649,7,3451,6390,5378,3496,457,2,2121,4943,4759,3325,380,5,1330,1447,619,171,77
2021,1,D,발달상권,1001082,선릉역_2,26260,16412,9848,126,4246,8056,7407,4252,2173,12,1820,4971,5188,3102,1319,114,2426,3085,2219,1150,854
2021,1,D,발달상권,1001083,서울 송파구 석촌역_2,597,380,217,0,22,73,124,174,204,0,10,39,75,102,154,0,12,34,49,72,50
2021,1,D,발달상권,1001084,서울 강남구 선릉역_1,21572,9107,12465,49,5651,5960,4971,3383,1558,20,2281,2934,2129,957,786,29,3370,3026,2842,2426,772
2021,1,D,발달상권,1001085,서울 서초구 강남역,19954,10752,9202,87,3785,5943,5391,3023,1725,20,1295,3113,3321,1925,1078,67,2490,2830,2070,1098,647
2021,1,D,발달상권,1001086,고속터미널역,2010,1612,398,18,204,298,637,631,222,5,102,206,555,565,179,13,102,92,82,66,43
2021,1,D,발달상권,1001087,서울 강남구 선릉역_2,40183,20392,19791,100,7240,10457,10558,10272,1556,54,4770,7267,4954,2337,1010,46,2470,3190,5604,7935,546
2021,1,D,발달상권,1001088,삼성역_1,18695,12565,6130,46,3102,6080,5006,2754,1707,11,1278,3732,3928,2304,1312,35,1824,2348,1078,450,395
2021,1,D,발달상권,1001089,삼정역_1,2277,1123,1154,0,557,776,538,261,145,0,144,352,350,163,114,0,413,424,188,98,31
2021,1,D,발달상권,1001090,삼정역_2,1162,721,441,11,222,280,175,174,300,1,78,173,123,126,220,10,144,107,52,48,80
2021,1,D,발달상권,1001091,삼성역_2,7062,3420,3642,99,1597,2230,1528,1086,522,37,550,1091,782,576,384,62,1047,1139,746,510,138
2021,1,D,발달상권,1001092,강남구 논현역_1,2284,1208,1076,3,451,700,552,394,184,0,171,406,335,168,128,3,280,294,217,226,56
2021,1,D,발달상권,1001093,신천역,4789,2992,1797,25,685,859,981,1141,1098,3,269,493,600,807,820,22,416,366,381,334,278
2021,1,D,발달상권,1001094,선정릉역_1,2392,1492,900,10,559,766,516,304,237,4,250,435,381,213,209,6,309,331,135,91,28
2021,1,D,발달상권,1001095,강남구 논현역_2,9009,5256,3753,44,2476,2549,2126,1249,565,20,1024,1507,1444,849,412,24,1452,1042,682,400,153
2021,1,D,발달상권,1001096,신도림역,1674,907,767,13,244,428,478,337,174,7,100,217,233,208,142,6,144,211,245,129,32
2021,1,D,발달상권,1001097,잠실역 롯데월드,2247,1185,1062,70,1110,371,339,299,58,22,487,205,204,224,43,48,623,166,135,75,15
2021,1,D,발달상권,1001098,포스코사거리_1,22702,15610,7092,46,3298,9107,6757,2364,1130,8,1415,5813,5586,2043,745,38,1883,3294,1171,321,385
2021,1,D,발달상권,1001099,포스코사거리_2,16526,9641,6885,35,3383,5942,3993,2176,997,22,1593,3762,2691,1088,485,13,1790,2180,1302,1088,512
2021,1,D,발달상권,1001100,강남구 논현역_3,2466,700,1766,10,848,817,480,217,94,2,114,259,183,87,55,8,734,558,297,130,39
2021,1,D,발달상권,1001101,선정릉역_2,3758,2684,1074,10,776,1205,853,538,376,6,330,834,718,462,334,4,446,371,135,76,42
2021,1,D,발달상권,1001102,서울 강남구 학동역_1,1691,1037,654,2,321,563,365,237,203,1,145,329,229,171,162,1,176,234,136,66,41
2021,1,D,발달상권,1001103,코엑스,15904,8904,7000,59,3513,6185,4248,1596,303,25,1160,3361,2887,1246,225,34,2353,2824,1361,350,78
2021,1,D,발달상권,1001104,삼성역_3,52277,41226,11051,128,10839,13692,14840,11637,1141,80,7221,10373,12094,10546,912,48,3618,3319,2746,1091,229
2021,1,D,발달상권,1001105,서울 동작구 노량진역,436,252,184,0,69,158,103,53,53,0,20,86,77,30,39,0,49,72,26,23,14
2021,1,D,발달상권,1001106,서울 강남구 학동역_2,2510,1674,836,2,225,433,393,251,1206,0,100,253,280,152,889,2,125,180,113,99,317
2021,1,D,발달상권,1001107,방이동 먹자골목,6881,4444,2437,11,1013,2105,1837,1207,708,5,559,1292,1295,854,439,6,454,813,542,353,269
2021,1,D,발달상권,1001108,학동역,1014,616,398,4,200,286,228,178,118,4,100,182,156,98,76,0,100,104,72,80,42
2021,1,D,발달상권,1001109,강남구 논현역_4,4927,2720,2207,15,1205,1491,1235,588,393,4,427,819,851,362,257,11,778,672,384,226,136
2021,1,D,발달상권,1001110,잠실역,42527,22605,19922,93,6888,11193,12245,10909,1199,29,3231,7077,7098,4269,901,64,3657,4116,5147,6640,298
2021,1,D,발달상권,1001111,서울 강남구 강남구청역_1,3516,2335,1181,10,494,765,795,775,677,2,239,432,554,593,515,8,255,333,241,182,162
2021,1,D,발달상권,1001112,서울 강남구 학동역_3,3152,1780,1372,12,554,1019,808,479,280,2,232,568,488,284,206,10,322,451,320,195,74
2021,1,D,발달상권,1001113,서울 동작구 노량진1동_1,40,25,15,0,1,6,10,8,15,0,0,4,7,3,11,0,1,2,3,5,4
2021,1,D,발달상권,1001114,강남구 신사역_1,1108,570,538,11,263,324,245,170,95,6,90,152,149,104,69,5,173,172,96,66,26
2021,1,D,발달상권,1001115,서울 강남구 강남구청역_2,3172,1916,1256,17,885,955,754,304,257,3,319,582,574,229,209,14,566,373,180,75,48
2021,1,D,발달상권,1001116,영등포역_1,77,27,50,0,7,10,13,24,23,0,0,5,7,9,6,0,7,5,6,15,17
2021,1,D,발달상권,1001117,강남구 신사역_2,6953,3586,3367,33,2190,1609,1101,1118,902,11,811,807,685,587,685,22,1379,802,416,531,217
2021,1,D,발달상권,1001118,문래동 주민센터,6184,3312,2872,22,1447,1843,1639,925,308,11,558,994,994,525,230,11,889,849,645,400,78
2021,1,D,발달상권,1001119,영등포역_2,583,245,338,0,63,94,124,151,151,0,22,53,52,42,76,0,41,41,72,109,75
2021,1,D,발달상권,1001120,도산공원사거리_1,4075,1954,2121,10,1021,1339,964,526,215,4,264,634,570,323,159,6,757,705,394,203,56
2021,1,D,발달상권,1001121,영등포역_3,121,70,51,0,9,17,30,30,35,0,3,10,19,15,23,0,6,7,11,15,12
2021,1,D,발달상권,1001122,여의도 시범아파트앞,10435,6976,3459,52,1305,2401,3558,2563,556,20,676,1603,2081,2202,394,32,629,798,1477,361,162
2021,1,D,발달상권,1001123,학동사거리_1,4075,2555,1520,4,726,1146,874,714,611,3,268,567,615,579,523,1,458,579,259,135,88
2021,1,D,발달상권,1001124,서울 영등포구 영등포시장역,411,246,165,6,70,66,92,104,73,2,25,34,56,71,58,4,45,32,36,33,15
2021,1,D,발달상권,1001125,학동사거리_2,2498,1332,1166,4,411,819,736,417,111,1,130,397,455,280,69,3,281,422,281,137,42
2021,1,D,발달상권,1001126,서울 양천구 신정네거리역_2,28,18,10,0,2,6,6,9,5,0,2,4,1,6,5,0,0,2,5,3,0
2021,1,D,발달상권,1001127,서울 영등포구 여의도역_1,27015,17171,9844,68,3989,9188,7870,4357,1543,7,1839,5322,5574,3343,1086,61,2150,3866,2296,1014,457
2021,1,D,발달상권,1001128,청담사거리_1,529,295,234,0,153,172,97,61,46,0,46,102,70,40,37,0,107,70,27,21,9
2021,1,D,발달상권,1001129,청담사거리_2,1289,759,530,6,320,326,293,227,117,1,135,207,187,153,76,5,185,119,106,74,41
2021,1,D,발달상권,1001130,청담역_1,4062,2913,1149,4,537,1316,1138,883,184,3,298,854,890,736,132,1,239,462,248,147,52
2021,1,D,발달상권,1001131,청담역_2,4142,3212,930,8,488,1228,1483,734,201,5,204,884,1286,665,168,3,284,344,197,69,33
2021,1,D,발달상권,1001132,영등포유통상가,1504,962,542,0,141,324,377,305,357,0,75,184,247,208,248,0,66,140,130,97,109
2021,1,D,발달상권,1001133,청담사거리_3,1376,693,683,3,362,384,263,218,146,1,111,193,145,133,110,2,251,191,118,85,36
2021,1,D,발달상권,1001134,서울 영등포구 여의도역_2,33585,23274,10311,81,5930,10493,8844,6170,2067,15,3379,7139,6862,4704,1175,66,2551,3354,1982,1466,892
2021,1,D,발달상권,1001135,신사동 가로수길,14671,7582,7089,64,3450,4410,3497,2063,1187,17,1101,2351,2086,1181,846,47,2349,2059,1411,882,341
2021,1,D,발달상권,1001136,오목교역,125,72,53,0,15,24,34,20,32,0,7,15,17,11,22,0,8,9,17,9,10
2021,1,D,발달상권,1001137,서울 강동구 둔촌동역,250,102,148,0,25,44,39,43,99,0,2,13,14,17,56,0,23,31,25,26,43
2021,1,D,발달상권,1001138,압구정 로데오거리_1,14564,7168,7396,44,4216,5561,2876,1456,411,9,1182,2612,1841,1224,300,35,3034,2949,1035,232,111
2021,1,D,발달상권,1001139,서울 영등포구 영등포구청역,449,275,174,0,51,101,114,93,90,0,19,51,77,63,65,0,32,50,37,30,25
2021,1,D,발달상권,1001140,서울 강남구 압구정역,9345,4345,5000,138,2196,2712,1783,1262,1254,52,770,1254,1093,579,597,86,1426,1458,690,683,657
2021,1,D,발달상권,1001141,압구정 로데오거리_2,7107,2323,4784,30,2589,2387,1207,556,338,8,550,816,479,272,198,22,2039,1571,728,284,140
2021,1,D,발달상권,1001142,국회의사당역_1,4563,3517,1046,15,837,1316,1212,940,243,2,498,969,1020,837,191,13,339,347,192,103,52
2021,1,D,발달상권,1001143,서울 용산구 신용산역,979,675,304,1,135,259,255,238,91,1,68,168,196,167,75,0,67,91,59,71,16
2021,1,D,발달상권,1001144,국회의사당역_2,19439,11619,7820,54,4443,6681,4812,2304,1145,21,2014,3953,3277,1552,802,33,2429,2728,1535,752,343
2021,1,D,발달상권,1001145,용산 전자상가_1,3893,2851,1042,18,653,1252,1021,732,217,12,383,882,805,612,157,6,270,370,216,120,60
2021,1,D,발달상권,1001146,용산구청,1526,755,771,1,159,437,404,431,94,1,43,141,195,298,77,0,116,296,209,133,17
2021,1,D,발달상권,1001147,용산 전자상가_2,392,317,75,12,75,123,122,45,15,10,67,99,93,36,12,2,8,24,29,9,3
2021,1,D,발달상권,1001148,목동사거리,41,13,28,0,4,9,10,10,8,0,0,1,2,4,6,0,4,8,8,6,2
2021,1,D,발달상권,1001149,한남오거리,823,524,299,3,163,333,191,82,51,2,70,214,145,55,38,1,93,119,46,27,13
2021,1,D,발달상권,1001150,서울 용산구 이태원역,452,292,160,8,82,98,96,82,86,6,51,63,56,54,62,2,31,35,40,28,24
2021,1,D,발달상권,1001151,용산 전자상가_3,1752,1311,441,5,270,605,510,253,109,2,167,447,399,202,94,3,103,158,111,51,15
2021,1,D,발달상권,1001152,서울 광진구 강변역,1337,859,478,4,265,348,335,234,151,1,114,246,250,153,95,3,151,102,85,81,56
2021,1,D,발달상권,1001153,당산역_1,310,186,124,1,27,56,90,73,63,1,6,33,47,44,55,0,21,23,43,29,8
2021,1,D,발달상권,1001154,용산 전자상가_4,248,182,66,1,42,85,61,29,30,0,27,63,45,21,26,1,15,22,16,8,4
2021,1,D,발달상권,1001155,용산 전자상가_5,1976,1461,515,8,368,701,562,250,87,7,247,537,422,179,69,1,121,164,140,71,18
2021,1,D,발달상권,1001156,서울 강동구 길동역,2628,1190,1438,10,273,433,643,763,506,6,140,259,321,226,238,4,133,174,322,537,268
2021,1,D,발달상권,1001157,서울 강동구 천호역_1,138,57,81,0,30,22,27,29,30,0,9,9,7,16,16,0,21,13,20,13,14
2021,1,D,발달상권,1001158,당산역_2,1429,1069,360,0,119,167,235,300,608,0,81,117,157,228,486,0,38,50,78,72,122
2021,1,D,발달상권,1001159,서울 강동구 천호역,259,93,166,1,34,63,54,67,40,0,5,14,28,25,21,1,29,49,26,42,19
2021,1,D,발달상권,1001160,서울 광진구 구의역,928,584,344,6,105,148,250,239,180,6,52,85,152,168,121,0,53,63,98,71,59
2021,1,D,발달상권,1001161,건대입구역,24,11,13,0,5,2,5,8,4,0,2,2,2,3,2,0,3,0,3,5,2
2021,1,D,발달상권,1001162,서울 광진구 건대입구역_1,109,52,57,0,8,18,29,24,30,0,2,6,12,10,22,0,6,12,17,14,8
2021,1,D,발달상권,1001163,서울 강동구 천호역_2,1208,565,643,5,142,222,290,254,295,2,49,96,115,106,197,3,93,126,175,148,98
2021,1,D,발달상권,1001164,서울 마포구 마포역_1,3369,2292,1077,4,692,1065,808,510,290,1,334,728,619,403,207,3,358,337,189,107,83
2021,1,D,발달상권,1001165,서울 광진구 건대입구역_2,529,268,261,5,120,99,97,96,112,2,32,39,53,63,79,3,88,60,44,33,33
2021,1,D,발달상권,1001166,서울 마포구 마포역_2,10151,6130,4021,11,1542,2551,2393,1998,1656,9,766,1512,1639,1200,1004,2,776,1039,754,798,652
2021,1,D,발달상권,1001167,서울 마포구 공덕역_1,2420,796,1624,8,575,414,504,810,109,4,252,223,144,100,73,4,323,191,360,710,36
2021,1,D,발달상권,1001168,남영역,4055,2796,1259,20,750,1490,1024,556,215,8,370,894,831,509,184,12,380,596,193,47,31
2021,1,D,발달상권,1001169,서울 용산구 숙대입구역,3807,1436,2371,7,395,840,1369,1110,86,1,233,512,475,190,25,6,162,328,894,920,61
2021,1,D,발달상권,1001170,공덕역,2092,1198,894,4,366,628,544,439,111,2,105,315,337,351,88,2,261,313,207,88,23
2021,1,D,발달상권,1001171,서울 마포구 공덕역_2,3697,2404,1293,9,703,874,1094,916,101,1,276,466,760,822,79,8,427,408,334,94,22
2021,1,D,발달상권,1001172,어린이대공원역,41,17,24,0,5,3,13,13,7,0,1,1,5,4,6,0,4,2,8,9,1
2021,1,D,발달상권,1001173,서울 강동구 명일역,671,252,419,4,81,104,172,176,134,2,33,41,65,57,54,2,48,63,107,119,80
2021,1,D,발달상권,1001174,등촌역,64,37,27,0,5,11,6,12,30,0,1,6,5,5,20,0,4,5,1,7,10
2021,1,D,발달상권,1001175,서울 강동구 고덕역,1359,916,443,3,172,305,337,317,225,1,75,198,249,221,172,2,97,107,88,96,53
2021,1,D,발달상권,1001176,서울 중구 약수역_1,24,6,18,0,2,3,6,4,9,0,0,0,3,0,3,0,2,3,3,4,6
2021,1,D,발달상권,1001177,서울 중구 약수역_2,210,91,119,0,38,38,48,50,36,0,7,13,21,28,22,0,31,25,27,22,14
2021,1,D,발달상권,1001178,서울 마포구 홍대입구역_1,1618,826,792,6,370,510,369,227,136,2,131,237,204,143,109,4,239,273,165,84,27
2021,1,D,발달상권,1001179,강서구청,4278,2468,1810,2,621,1337,1106,1004,208,1,238,701,650,729,149,1,383,636,456,275,59
2021,1,D,발달상권,1001180,신촌역,4403,2012,2391,61,2189,958,459,413,323,19,924,496,198,193,182,42,1265,462,261,220,141
2021,1,D,발달상권,1001181,서울 광진구 군자역,621,342,279,2,92,145,187,123,72,2,34,79,101,71,55,0,58,66,86,52,17
2021,1,D,발달상권,1001182,홍익대학교 주변,8725,5062,3663,86,2052,2308,1888,1433,958,58,988,1319,1181,821,695,28,1064,989,707,612,263
2021,1,D,발달상권,1001183,서울 마포구 홍대입구역_2,977,535,442,8,181,277,206,148,157,4,65,145,126,97,98,4,116,132,80,51,59
2021,1,D,발달상권,1001184,서울 마포구 홍대입구역_3,659,386,273,1,102,136,182,138,100,1,33,83,109,92,68,0,69,53,73,46,32
2021,1,D,발달상권,1001185,서울 서대문구 신촌역,924,404,520,6,192,225,217,183,101,4,71,88,100,86,55,2,121,137,117,97,46
2021,1,D,발달상권,1001186,서울 서대문구 이대역,380,160,220,4,75,78,102,73,48,1,27,28,38,31,35,3,48,50,64,42,13
2021,1,D,발달상권,1001187,한양시장,55,30,25,0,6,10,13,13,13,0,4,6,4,9,7,0,2,4,9,4,6
2021,1,D,발달상권,1001188,장충동 족발거리,2100,985,1115,12,557,716,521,206,88,0,101,354,339,143,48,12,456,362,182,63,40
2021,1,D,발달상권,1001189,서울 중구 명동역,3595,1952,1643,8,546,1084,980,656,321,5,233,628,546,375,165,3,313,456,434,281,156
2021,1,D,발달상권,1001190,장한평역,3644,2178,1466,29,1038,1026,646,552,353,1,444,680,421,350,282,28,594,346,225,202,71
2021,1,D,발달상권,1001191,왕십리역_1,8,2,6,0,0,1,4,2,1,0,0,0,1,0,1,0,0,1,3,2,0
2021,1,D,발달상권,1001192,서울 중구 충무로역_1,3743,2160,1583,3,569,927,1190,778,276,2,251,542,639,531,195,1,318,385,551,247,81
2021,1,D,발달상권,1001193,장한평역_1,1129,748,381,9,71,173,200,159,517,6,24,91,123,104,400,3,47,82,77,55,117
2021,1,D,발달상권,1001194,서울 강서구 발산역,983,431,552,1,121,225,298,244,94,0,34,91,134,105,67,1,87,134,164,139,27
2021,1,D,발달상권,1001195,왕십리역_2,233,102,131,1,51,50,45,45,41,0,16,21,21,19,25,1,35,29,24,26,16
2021,1,D,발달상권,1001196,시청역_1,24904,15705,9199,74,4236,8557,7434,3643,960,13,1766,4682,5429,3121,694,61,2470,3875,2005,522,266
2021,1,D,발달상권,1001197,장한평역_2,1492,995,497,4,250,365,402,273,198,3,162,246,264,169,151,1,88,119,138,104,47
2021,1,D,발달상권,1001198,서울 강서구 송정역,335,140,195,0,38,64,82,87,64,0,10,24,31,30,45,0,28,40,51,57,19
2021,1,D,발달상권,1001199,서울 중구 충무로역_2,16329,7851,8478,75,2774,4426,4616,3271,1167,23,832,2343,2394,1543,716,52,1942,2083,2222,1728,451
2021,1,D,발달상권,1001200,북창동,5197,3160,2037,24,1010,1611,1149,767,636,2,391,936,852,543,436,22,619,675,297,224,200
2021,1,D,발달상권,1001201,서울 중구 신당역_1,277,142,135,0,39,41,59,61,77,0,10,15,31,33,53,0,29,26,28,28,24
2021,1,D,발달상권,1001202,롯데백화점,27149,9657,17492,236,13497,8422,2946,1798,250,71,3513,3007,1835,1029,202,165,9984,5415,1111,769,48
2021,1,D,발달상권,1001203,명동거리,8147,4244,3903,32,1358,2124,2323,1377,933,16,569,976,1265,853,565,16,789,1148,1058,524,368
2021,1,D,발달상권,1001204,서울 중구 을지로3가역_1,4549,2258,2291,9,524,1204,1241,954,617,1,136,510,617,589,405,8,388,694,624,365,212
2021,1,D,발달상권,1001205,동대문역사문화공원역,3166,2548,618,0,385,890,987,596,308,0,324,761,830,438,195,0,61,129,157,158,113
2021,1,D,발달상권,1001206,서대문구 서대문역_2,1486,1018,468,0,253,523,370,278,62,0,107,337,281,248,45,0,146,186,89,30,17
2021,1,D,발달상권,1001207,서울 중구 신당역_2,939,534,405,8,164,218,215,172,162,2,71,121,118,114,108,6,93,97,97,58,54
2021,1,D,발달상권,1001208,서울 중구 을지로3가역_2,3181,2166,1015,5,367,777,795,650,587,1,169,518,553,463,462,4,198,259,242,187,125
2021,1,D,발달상권,1001209,서울시청,9257,4890,4367,11,2138,2836,2456,1273,543,3,774,1391,1483,854,385,8,1364,1445,973,419,158
2021,1,D,발달상권,1001210,시청역_2,14646,9603,5043,66,2984,4856,4028,2143,569,29,1335,2997,3082,1688,472,37,1649,1859,946,455,97
2021,1,D,발달상권,1001211,동대문시장_1,1663,493,1170,0,424,687,250,238,64,0,78,200,109,70,36,0,346,487,141,168,28
2021,1,D,발달상권,1001212,서대문구 서대문역_1,99,67,32,1,10,20,24,28,16,1,4,10,17,19,16,0,6,10,7,9,0
2021,1,D,발달상권,1001213,종각역 젊음의 거리,13040,3576,9464,48,2566,4337,4204,1653,232,13,802,1471,897,264,129,35,1764,2866,3307,1389,103
2021,1,D,발달상권,1001214,종각역,10396,8086,2310,7,1633,3215,2625,2716,200,1,989,2178,2154,2582,182,6,644,1037,471,134,18
2021,1,D,발달상권,1001215,서울 종로구 광화문역_1,12759,8498,4261,19,2101,4333,4038,1864,404,3,968,2698,2991,1519,319,16,1133,1635,1047,345,85
2021,1,D,발달상권,1001216,서울 종로구 종로3가역_1,2657,1167,1490,3,418,737,592,496,411,0,113,285,252,256,261,3,305,452,340,240,150
2021,1,D,발달상권,1001217,서울 종로구 종로5가역_1,22,9,13,0,0,4,5,6,7,0,0,0,5,0,4,0,0,4,0,6,3
2021,1,D,발달상권,1001218,동대문시장_2,195,123,72,0,13,23,36,60,63,0,4,10,23,36,50,0,9,13,13,24,13
2021,1,D,발달상권,1001219,서울 종로구 동대문역_1,28,17,11,0,0,2,3,11,12,0,0,1,0,8,8,0,0,1,3,3,4
2021,1,D,발달상권,1001220,서울 종로구 동대문역_2,748,244,504,1,57,140,273,161,116,0,19,39,54,54,78,1,38,101,219,107,38
2021,1,D,발달상권,1001221,장안동사거리,1587,632,955,2,254,377,461,340,153,1,66,149,163,153,100,1,188,228,298,187,53
2021,1,D,발달상권,1001222,동묘앞역,223,138,85,0,27,41,44,66,45,0,9,20,31,41,37,0,18,21,13,25,8
2021,1,D,발달상권,1001223,서울 종로구 광화문역_2,27999,17199,10800,32,3393,7355,8035,6017,3167,10,1412,4714,5366,3871,1826,22,1981,2641,2669,2146,1341
2021,1,D,발달상권,1001224,서울 동대문구 신설동역_1,1543,677,866,1,155,220,264,365,538,0,38,73,128,150,288,1,117,147,136,215,250
2021,1,D,발달상권,1001225,신설동역,118,54,64,0,4,24,33,31,26,0,3,9,10,14,18,0,1,15,23,17,8
2021,1,D,발달상권,1001226,서울 종로구 종로5가역_2,16173,10184,5989,432,3951,5181,3917,2173,519,114,1661,3340,2956,1772,341,318,2290,1841,961,401,178
2021,1,D,발달상권,1001227,종로구청,20709,10947,9762,13,2292,6864,7103,3437,1000,5,738,2911,4125,2505,663,8,1554,3953,2978,932,337
2021,1,D,발달상권,1001228,서울 종로구 종로5가역_3,1766,1160,606,3,251,446,420,379,267,1,117,261,264,299,218,2,134,185,156,80,49
2021,1,D,발달상권,1001229,서울 종로구 종로5가역_4,1358,810,548,3,156,480,430,197,92,0,52,247,281,156,74,3,104,233,149,41,18
2021,1,D,발달상권,1001230,인사동,26072,14829,11243,1264,8971,6611,4868,3002,1356,589,4272,3742,3219,2172,835,675,4699,2869,1649,830,521
2021,1,D,발달상권,1001231,서울 동대문구 신설동역_2,5440,2247,3193,4,641,1009,1217,1538,1031,1,213,526,677,473,357,3,428,483,540,1065,674
2021,1,D,발달상권,1001232,서울 종로구 종로3가역_2,1823,948,875,4,380,555,344,286,254,4,161,301,167,149,166,0,219,254,177,137,88
2021,1,D,발달상권,1001233,서울 종로구 종로3가역_3,2136,1442,694,10,380,643,602,363,138,3,183,437,467,254,98,7,197,206,135,109,40
2021,1,D,발달상권,1001234,서울 종로구 경복궁역_1,599,413,186,4,59,113,127,128,168,0,26,73,80,96,138,4,33,40,47,32,30
2021,1,D,발달상권,1001235,서울 종로구 안국역_1,8804,7324,1480,4,816,3152,2766,1683,383,4,540,2585,2359,1526,310,0,276,567,407,157,73
2021,1,D,발달상권,1001236,서울 종로구 안국역_2,810,409,401,2,136,228,242,153,49,0,44,110,126,92,37,2,92,118,116,61,12
2021,1,D,발달상권,1001237,서울 종로구 경복궁역_2,239,107,132,0,35,62,52,43,47,0,13,14,23,28,29,0,22,48,29,15,18
2021,1,D,발달상권,1001238,서울 동대문구 청량리역,776,413,363,3,124,115,138,181,215,2,54,61,67,97,132,1,70,54,71,84,83
2021,1,D,발달상권,1001239,디지털미디어시티,6727,3880,2847,19,1352,2498,2095,617,146,11,642,1464,1231,421,111,8,710,1034,864,196,35
2021,1,D,발달상권,1001240,혜화역 대학로_1,1230,573,657,8,203,350,256,165,248,4,56,110,120,96,187,4,147,240,136,69,61
2021,1,D,발달상권,1001241,혜화역 대학로_2,334,256,78,1,14,37,100,137,45,0,4,28,86,114,24,1,10,9,14,23,21
2021,1,D,발달상권,1001242,혜화역 대학로_3,477,210,267,1,57,123,134,75,87,0,19,40,60,34,57,1,38,83,74,41,30
2021,1,D,발달상권,1001243,서울 성북구 안암역,59,28,31,1,12,16,12,8,10,0,5,9,7,2,5,1,7,7,5,6,5
2021,1,D,발달상권,1001244,경희대학교,70,24,46,0,9,19,16,11,15,0,5,7,5,3,4,0,4,12,11,8,11
2021,1,D,발달상권,1001245,서울 성북구 성신여대입구역,2865,1629,1236,11,290,743,775,869,177,5,119,304,436,638,127,6,171,439,339,231,50
2021,1,D,발달상권,1001246,미아사거리_1,210,68,142,0,22,33,48,69,38,0,11,13,15,12,17,0,11,20,33,57,21
2021,1,D,발달상권,1001247,미아사거리_2,102,47,55,2,17,25,31,17,10,2,4,10,19,8,4,0,13,15,12,9,6
2021,1,D,발달상권,1001248,서울 은평구 불광역_1,180,73,107,1,17,30,40,56,36,1,5,7,17,23,20,0,12,23,23,33,16
2021,1,D,발달상권,1001249,서울 은평구 불광역_2,116,39,77,0,15,24,18,22,37,0,2,8,8,9,12,0,13,16,10,13,25
2021,1,D,발달상권,1001250,서울 은평구 불광역_3,67,24,43,0,6,12,14,22,13,0,0,5,5,5,9,0,6,7,9,17,4
2021,1,D,발달상권,1001251,서울 강북구 미아삼거리역_1,140,86,54,0,25,28,28,31,28,0,10,16,20,18,22,0,15,12,8,13,6
2021,1,D,발달상권,1001252,서울 성북구 미아삼거리역_2,322,144,178,1,42,84,83,84,28,1,12,33,37,48,13,0,30,51,46,36,15
2021,1,D,발달상권,1001253,서울 은평구 연신내역_1,70,25,45,0,7,16,18,11,18,0,3,5,5,4,8,0,4,11,13,7,10
2021,1,D,발달상권,1001254,서울 은평구 연신내역_2,555,168,387,2,155,131,133,88,46,1,26,36,38,34,33,1,129,95,95,54,13
2021,1,D,발달상권,1001255,서울 은평구 연신내역_3,108,20,88,0,9,15,17,28,39,0,1,5,3,4,7,0,8,10,14,24,32
2021,1,D,발달상권,1001256,서울 강북구 수유역_1,831,408,423,0,84,98,137,212,300,0,18,43,70,111,166,0,66,55,67,101,134
2021,1,D,발달상권,1001257,서울 강북구 수유역_2,2284,1108,1176,9,237,589,586,598,265,8,75,219,262,390,154,1,162,370,324,208,111
2021,1,D,발달상권,1001258,등나무근린공원 주변,65,19,46,0,5,7,27,20,6,0,2,0,6,8,3,0,3,7,21,12,3
2021,1,D,발달상권,1001259,서울 강북구 수유역_3,70,36,34,0,6,19,21,15,9,0,0,10,12,7,7,0,6,9,9,8,2
2021,1,D,발달상권,1001260,창동역,1003,570,433,0,128,204,240,203,228,0,52,94,123,119,182,0,76,110,117,84,46
2021,1,D,발달상권,1001261,서울 노원구 노원역_1,336,86,250,2,105,65,69,48,47,0,17,12,23,19,15,2,88,53,46,29,32
2021,1,D,발달상권,1001262,서울 노원구 노원역_2,274,126,148,2,48,46,69,64,45,1,13,20,39,26,27,1,35,26,30,38,18
2021,1,D,발달상권,1001263,서울 노원구 노원역_3,418,159,259,3,102,53,90,90,80,0,24,23,33,38,41,3,78,30,57,52,39
2021,1,R,전통시장,1001264,통인시장,59,29,30,0,4,14,11,12,18,0,2,4,6,6,11,0,2,10,5,6,7
2021,1,R,전통시장,1001265,광장시장,444,301,143,0,39,73,92,123,117,0,22,41,68,77,93,0,17,32,24,46,24
2021,1,R,전통시장,1001266,동대문종합시장,1319,965,354,2,156,325,348,339,149,0,116,251,238,247,113,2,40,74,110,92,36
2021,1,R,전통시장,1001267,종로신진시장,158,89,69,0,13,25,46,36,38,0,11,16,19,19,24,0,2,9,27,17,14
2021,1,R,전통시장,1001268,충신시장,77,40,37,0,19,17,15,15,11,0,7,11,6,7,9,0,12,6,9,8,2
2021,1,R,전통시장,1001269,동문시장,3,1,2,0,0,2,0,0,1,0,0,0,0,0,1,0,0,2,0,0,0
2021,1,R,전통시장,1001270,창신골목시장,13,7,6,0,0,2,4,4,3,0,0,2,2,1,2,0,0,0,2,3,1
2021,1,R,전통시장,1001271,동묘시장,474,223,251,5,158,102,93,73,43,5,44,36,58,44,36,0,114,66,35,29,7
2021,1,R,전통시장,1001272,신설종합시장,50,37,13,1,1,10,12,13,13,0,0,9,10,10,8,1,1,1,2,3,5
2021,1,R,전통시장,1001273,남대문시장,8186,3966,4220,71,2160,2561,1905,1091,398,32,750,1294,1199,470,221,39,1410,1267,706,621,177
2021,1,R,전통시장,1001274,신중부시장,3089,921,2168,8,1868,593,250,198,172,3,316,189,171,120,122,5,1552,404,79,78,50
2021,1,R,전통시장,1001276,평화시장,906,614,292,3,110,289,263,165,76,0,61,164,204,128,57,3,49,125,59,37,19
2021,1,R,전통시장,1001277,방산종합시장,1190,736,454,1,96,200,284,312,297,0,56,117,154,191,218,1,40,83,130,121,79
2021,1,R,전통시장,1001275,인현시장,167,123,44,0,3,25,47,54,38,0,3,16,35,40,29,0,0,9,12,14,9
2021,1,R,전통시장,1001279,동평화시장,178,121,57,0,17,34,34,64,29,0,8,24,21,44,24,0,9,10,13,20,5
2021,1,R,전통시장,1001280,제일평화시장,53,29,24,1,6,16,16,11,3,1,1,10,9,6,2,0,5,6,7,5,1
2021,1,R,전통시장,1001281,청평화시장,120,50,70,1,18,26,31,29,15,1,9,13,5,15,7,0,9,13,26,14,8
2021,1,R,전통시장,1001282,약수시장,271,105,166,2,42,47,71,59,50,2,9,9,29,24,32,0,33,38,42,35,18
2021,1,R,전통시장,1001283,백학시장,95,43,52,0,11,14,29,24,17,0,4,6,12,11,10,0,7,8,17,13,7
2021,1,R,전통시장,1001284,서울중앙시장,451,320,131,0,102,148,94,56,51,0,76,107,50,41,46,0,26,41,44,15,5
2021,1,R,전통시장,1001285,합동(새벽)시장,365,209,156,0,60,153,107,41,4,0,15,80,74,38,2,0,45,73,33,3,2
2021,1,R,전통시장,1001286,후암시장,15,14,1,0,1,1,1,4,8,0,1,1,1,3,8,0,0,0,0,1,0
2021,1,R,전통시장,1001287,신흥시장,4,1,3,0,0,2,0,2,0,0,0,1,0,0,0,0,0,1,0,2,0
2021,1,R,전통시장,1001288,만리시장,12,9,3,0,0,2,1,4,5,0,0,1,1,3,4,0,0,1,0,1,1
2021,1,R,전통시장,1001289,용문전통시장,19,10,9,0,2,3,4,6,4,0,1,2,1,4,2,0,1,1,3,2,2
2021,1,R,전통시장,1001290,이촌종합시장,109,78,31,0,13,19,25,26,26,0,7,12,15,21,23,0,6,7,10,5,3
2021,1,R,전통시장,1001291,이태원시장,32,20,12,0,18,3,4,6,1,0,12,1,3,3,1,0,6,2,1,3,0
2021,1,R,전통시장,1001292,이태원제일시장,2,1,1,0,0,0,0,2,0,0,0,0,0,1,0,0,0,0,0,1,0
2021,1,R,전통시장,1001293,보광시장,31,12,19,0,0,6,10,13,2,0,0,3,4,4,1,0,0,3,6,9,1
2021,1,R,전통시장,1001294,마장축산물시장,532,358,174,0,59,106,132,138,97,0,45,69,86,91,67,0,14,37,46,47,30
2021,1,R,전통시장,1001295,행당시장,314,140,174,0,44,60,95,76,39,0,15,25,42,33,25,0,29,35,53,43,14
2021,1,R,전통시장,1001296,금남시장,36,13,23,0,6,7,8,4,11,0,1,0,5,2,5,0,5,7,3,2,6
2021,1,R,전통시장,1001297,뚝도시장,45,17,28,1,3,10,9,11,11,0,0,2,4,5,6,1,3,8,5,6,5
2021,1,R,전통시장,1001298,성동용답상가시장,66,33,33,0,5,10,20,21,10,0,1,6,6,13,7,0,4,4,14,8,3
2021,1,R,전통시장,1001299,한아름시장,40,29,11,0,5,6,6,10,13,0,4,4,5,6,10,0,1,2,1,4,3
2021,1,R,전통시장,1001300,화양제일골목시장,43,11,32,0,5,12,16,7,3,0,0,3,6,1,1,0,5,9,10,6,2
2021,1,R,전통시장,1001301,중곡제일시장,111,68,43,0,15,21,29,24,22,0,7,14,20,10,17,0,8,7,9,14,5
2021,1,R,전통시장,1001302,면곡골목시장,49,35,14,0,8,8,7,18,8,0,6,8,5,10,6,0,2,0,2,8,2
2021,1,R,전통시장,1001303,신성골목시장,19,6,13,0,2,5,7,4,1,0,0,1,2,2,1,0,2,4,5,2,0
2021,1,R,전통시장,1001304,자양골목시장,54,36,18,0,7,17,14,9,7,0,5,12,9,6,4,0,2,5,5,3,3
2021,1,R,전통시장,1001305,자양종합시장,14,10,4,0,0,1,6,6,1,0,0,1,4,4,1,0,0,0,2,2,0
2021,1,R,전통시장,1001306,노룬산골목시장,23,13,10,0,4,5,10,2,2,0,3,3,6,0,1,0,1,2,4,2,1
2021,1,R,전통시장,1001307,능동로골목시장,56,42,14,0,1,5,4,7,39,0,1,1,4,2,34,0,0,4,0,5,5
2021,1,R,전통시장,1001308,영동교골목시장,41,30,11,0,8,12,3,8,10,0,3,12,1,6,8,0,5,0,2,2,2
2021,1,R,전통시장,1001309,조양시장,31,19,12,0,11,7,8,5,0,0,6,5,4,4,0,0,5,2,4,1,0
2021,1,R,전통시장,1001312,용두시장,4,2,2,0,0,0,1,2,1,0,0,0,0,1,1,0,0,0,1,1,0
2021,1,R,전통시장,1001313,청량리수산시장,20,11,9,0,1,5,6,3,5,0,0,5,3,0,3,0,1,0,3,3,2
2021,1,R,전통시장,1001314,경동시장,130,61,69,0,18,32,24,19,37,0,3,11,11,12,24,0,15,21,13,7,13
2021,1,R,전통시장,1001315,동서시장,5,3,2,0,0,0,1,2,2,0,0,0,1,0,2,0,0,0,0,2,0
2021,1,R,전통시장,1001316,서울약령시장,1171,642,529,4,112,206,302,338,209,0,55,127,163,178,119,4,57,79,139,160,90
2021,1,R,전통시장,1001318,청량리전통시장,9,7,2,0,0,0,1,5,3,0,0,0,1,4,2,0,0,0,0,1,1
2021,1,R,전통시장,1001319,청량리종합시장,13,8,5,0,1,3,2,2,5,0,1,1,2,1,3,0,0,2,0,1,2
2021,1,R,전통시장,1001320,전농로터리시장,7,3,4,0,1,0,2,3,1,0,0,0,1,1,1,0,1,0,1,2,0
2021,1,R,전통시장,1001321,답십리현대시장,36,31,5,0,4,4,7,13,8,0,3,4,6,11,7,0,1,0,1,2,1
2021,1,R,전통시장,1001322,동부시장,14,9,5,0,0,0,1,1,12,0,0,0,0,0,9,0,0,0,1,1,3
2021,1,R,전통시장,1001323,답십리시장,93,40,53,2,19,25,23,11,13,2,4,9,11,6,8,0,15,16,12,5,5
2021,1,R,전통시장,1001324,전곡시장,77,42,35,0,5,16,22,22,12,0,4,7,11,10,10,0,1,9,11,12,2
2021,1,R,전통시장,1001325,청량리청과물시장,12,9,3,0,0,1,4,2,5,0,0,1,2,1,5,0,0,0,2,1,0
2021,1,R,전통시장,1001326,회기시장,55,17,38,0,9,14,15,12,5,0,2,3,4,6,2,0,7,11,11,6,3
2021,1,R,전통시장,1001327,이경시장,16,8,8,0,0,1,2,2,11,0,0,1,1,1,5,0,0,0,1,1,6
2021,1,R,전통시장,1001329,동부골목시장,179,59,120,1,20,41,38,44,35,0,1,8,7,22,21,1,19,33,31,22,14
2021,1,R,전통시장,1001330,동원시장,224,109,115,0,24,37,49,82,32,0,11,17,21,38,22,0,13,20,28,44,10
2021,1,R,전통시장,1001331,면목골목시장,45,21,24,0,1,3,15,20,6,0,1,2,8,6,4,0,0,1,7,14,2
2021,1,R,전통시장,1001332,사가정시장,86,28,58,0,13,17,24,19,13,0,0,3,6,8,11,0,13,14,18,11,2
2021,1,R,전통시장,1001333,중화제일시장,69,30,39,0,8,14,25,14,8,0,3,6,15,5,1,0,5,8,10,9,7
2021,1,R,전통시장,1001334,태능시장,81,34,47,2,15,9,24,15,16,1,2,4,6,9,12,1,13,5,18,6,4
2021,1,R,전통시장,1001335,묵1동도깨비시장,35,24,11,0,3,9,7,11,5,0,1,6,5,8,4,0,2,3,2,3,1
2021,1,R,전통시장,1001336,우림골목시장,344,118,226,2,85,71,81,68,37,0,29,11,36,22,20,2,56,60,45,46,17
2021,1,R,전통시장,1001337,유영시장,31,20,11,0,9,5,3,8,6,0,7,2,2,5,4,0,2,3,1,3,2
2021,1,R,전통시장,1001338,돈암제일시장,97,22,75,1,20,20,25,18,13,0,0,2,7,8,5,1,20,18,18,10,8
2021,1,R,전통시장,1001339,정릉아리랑시장,22,7,15,0,1,7,8,5,1,0,0,2,1,3,1,0,1,5,7,2,0
2021,1,R,전통시장,1001340,정릉시장,131,72,59,0,4,16,38,46,27,0,2,9,23,22,16,0,2,7,15,24,11
2021,1,R,전통시장,1001341,길음시장,91,19,72,0,36,24,10,8,13,0,2,5,3,2,7,0,34,19,7,6,6
2021,1,R,전통시장,1001342,밤나무골시장,17,5,12,0,2,4,6,4,1,0,1,1,2,1,0,0,1,3,4,3,1
2021,1,R,전통시장,1001343,장위전통시장,40,20,20,0,5,6,7,8,14,0,0,2,5,5,8,0,5,4,2,3,6
2021,1,R,전통시장,1001345,새석관시장,3,1,2,0,0,0,1,2,0,0,0,0,0,1,0,0,0,0,1,1,0
2021,1,R,전통시장,1001347,석관황금시장,191,157,34,0,30,36,41,72,12,0,28,26,29,62,12,0,2,10,12,10,0
2021,1,R,전통시장,1001348,동북시장,121,49,72,0,9,23,37,29,23,0,4,8,17,9,11,0,5,15,20,20,12
2021,1,R,전통시장,1001349,방천골목시장,92,55,37,0,15,10,26,32,9,0,10,8,13,17,7,0,5,2,13,15,2
2021,1,R,전통시장,1001350,숭인시장,62,27,35,0,9,13,10,15,15,0,0,4,1,9,13,0,9,9,9,6,2
2021,1,R,전통시장,1001351,솔샘시장,73,30,43,1,7,19,25,18,3,0,3,4,12,8,3,1,4,15,13,10,0
2021,1,R,전통시장,1001352,번동북부골목시장,50,25,25,0,17,5,11,8,9,0,3,3,6,8,5,0,14,2,5,0,4
2021,1,R,전통시장,1001353,수유전통시장,231,55,176,1,36,34,35,68,57,0,1,7,13,12,22,1,35,27,22,56,35
2021,1,R,전통시장,1001354,우이시장,69,61,8,0,7,7,19,20,16,0,6,6,17,17,15,0,1,1,2,3,1
2021,1,R,전통시장,1001355,강북종합시장,23,9,14,0,1,1,7,10,4,0,1,0,2,4,2,0,0,1,5,6,2
2021,1,R,전통시장,1001356,수유중앙시장,13,8,5,0,0,2,1,1,9,0,0,1,1,0,6,0,0,1,0,1,3
2021,1,R,전통시장,1001357,장미원골목시장,911,571,340,0,15,14,38,89,755,0,1,4,12,40,514,0,14,10,26,49,241
2021,1,R,전통시장,1001358,수유북부시장,20,14,6,0,1,1,7,5,6,0,0,0,6,3,5,0,1,1,1,2,1
2021,1,R,전통시장,1001359,창동신창시장,104,40,64,0,2,21,32,29,20,0,0,7,14,8,11,0,2,14,18,21,9
2021,1,R,전통시장,1001360,창동골목시장,84,47,37,0,19,30,14,8,13,0,7,20,9,5,6,0,12,10,5,3,7
2021,1,R,전통시장,1001361,신도봉시장,5,5,0,0,1,0,2,2,0,0,1,0,2,2,0,0,0,0,0,0,0
2021,1,R,전통시장,1001362,백운시장,33,14,19,0,0,3,12,10,8,0,0,0,4,3,7,0,0,3,8,7,1
2021,1,R,전통시장,1001363,쌍문역골목시장,61,14,47,0,1,2,3,26,29,0,0,2,1,0,11,0,1,0,2,26,18
2021,1,R,전통시장,1001364,방학동도깨비시장,39,16,23,0,2,6,12,12,7,0,0,1,5,8,2,0,2,5,7,4,5
2021,1,R,전통시장,1001365,공릉동도깨비시장,98,47,51,0,12,22,23,25,16,0,4,8,9,15,11,0,8,14,14,10,5
2021,1,R,전통시장,1001366,상계시장,8,2,6,0,1,1,1,2,3,0,0,1,0,1,0,0,1,0,1,1,3
2021,1,R,전통시장,1001367,상계중앙시장,105,59,46,1,17,22,21,28,16,1,11,15,9,15,8,0,6,7,12,13,8
2021,1,R,전통시장,1001368,연서시장,206,144,62,0,17,47,43,56,43,0,4,23,30,47,40,0,13,24,13,9,3
2021,1,R,전통시장,1001369,갈현시장,287,186,101,3,77,126,59,16,6,2,43,92,37,7,5,1,34,34,22,9,1
2021,1,R,전통시장,1001370,역촌중앙시장,9,3,6,0,0,1,2,2,4,0,0,0,1,1,1,0,0,1,1,1,3
2021,1,R,전통시장,1001371,대조시장,15,7,8,0,1,4,8,2,0,0,0,1,5,1,0,0,1,3,3,1,0
2021,1,R,전통시장,1001372,녹번시장,22,9,13,0,3,6,5,4,4,0,0,4,1,1,3,0,3,2,4,3,1
2021,1,R,전통시장,1001373,신응암시장,17,10,7,0,0,3,2,5,7,0,0,0,1,3,6,0,0,3,1,2,1
2021,1,R,전통시장,1001374,대림골목시장,237,46,191,0,24,52,59,69,33,0,1,10,8,16,11,0,23,42,51,53,22
2021,1,R,전통시장,1001375,증산종합시장,8,5,3,0,0,1,2,2,3,0,0,0,1,2,2,0,0,1,1,0,1
2021,1,R,전통시장,1001376,수일시장,7,2,5,0,0,2,1,2,2,0,0,0,0,1,1,0,0,2,1,1,1
2021,1,R,전통시장,1001377,영천시장,35,19,16,0,1,4,15,10,5,0,0,3,7,5,4,0,1,1,8,5,1
2021,1,R,전통시장,1001378,아현가구거리상점가,45,22,23,0,6,8,9,9,13,0,0,4,5,4,9,0,6,4,4,5,4
2021,1,R,전통시장,1001379,인왕시장,44,7,37,0,1,1,8,7,27,0,0,0,1,3,3,0,1,1,7,4,24
2021,1,R,전통시장,1001380,포방터시장,35,23,12,0,4,5,10,4,12,0,2,3,7,3,8,0,2,2,3,1,4
2021,1,R,전통시장,1001381,모래내시장,14,9,5,0,0,0,4,4,6,0,0,0,2,2,5,0,0,0,2,2,1
2021,1,R,전통시장,1001382,백련시장,5,3,2,0,0,1,0,2,2,0,0,1,0,0,2,0,0,0,0,2,0
2021,1,R,전통시장,1001383,공덕시장,3948,2001,1947,52,1323,1296,891,287,99,28,467,646,599,181,80,24,856,650,292,106,19
2021,1,R,전통시장,1001384,마포시장,11,3,8,0,0,1,4,3,3,0,0,1,0,1,1,0,0,0,4,2,2
2021,1,R,전통시장,1001385,아현시장,803,430,373,2,279,327,127,43,25,1,113,190,78,32,16,1,166,137,49,11,9
2021,1,R,전통시장,1001386,신수시장,34,19,15,0,4,7,12,5,6,0,1,5,5,4,4,0,3,2,7,1,2
2021,1,R,전통시장,1001387,서교시장,24,10,14,0,2,1,7,6,8,0,0,1,2,3,4,0,2,0,5,3,4
2021,1,R,전통시장,1001388,영진시장,29,14,15,0,4,5,11,7,2,0,2,2,6,2,2,0,2,3,5,5,0
2021,1,R,전통시장,1001390,망원시장,173,81,92,0,16,30,44,48,35,0,13,19,19,15,15,0,3,11,25,33,20
2021,1,R,전통시장,1001391,망원월드컵시장,190,123,67,1,26,69,53,25,16,1,14,43,35,16,14,0,12,26,18,9,2
2021,1,R,전통시장,1001392,동진시장,10,6,4,0,1,1,4,3,1,0,1,1,1,2,1,0,0,0,3,1,0
2021,1,R,전통시장,1001393,마포농수산물시장,77,40,37,0,2,12,24,26,13,0,1,8,12,14,5,0,1,4,12,12,8
2021,1,R,전통시장,1001394,목2동시장,432,251,181,1,66,124,122,71,48,1,40,69,70,39,32,0,26,55,52,32,16
2021,1,R,전통시장,1001395,목3동시장,148,67,81,0,13,20,55,37,23,0,7,6,18,19,17,0,6,14,37,18,6
2021,1,R,전통시장,1001396,목4동시장,52,35,17,0,2,8,13,17,12,0,0,6,8,11,10,0,2,2,5,6,2
2021,1,R,전통시장,1001397,신영시장,40,13,27,0,3,4,13,16,4,0,2,0,3,6,2,0,1,4,10,10,2
2021,1,R,전통시장,1001398,월정로시장,61,42,19,0,4,16,16,17,8,0,0,11,10,14,7,0,4,5,6,3,1
2021,1,R,전통시장,1001399,경창시장,53,23,30,0,2,5,12,16,18,0,1,1,5,9,7,0,1,4,7,7,11
2021,1,R,전통시장,1001400,신월3동골목시장,12,7,5,0,1,2,4,5,0,0,0,1,3,3,0,0,1,1,1,2,0
2021,1,R,전통시장,1001402,신월6동골목시장,141,103,38,1,17,36,39,32,16,0,10,27,33,18,15,1,7,9,6,14,1
2021,1,R,전통시장,1001403,신월7동골목시장,24,16,8,0,0,2,7,6,9,0,0,0,5,4,7,0,0,2,2,2,2
2021,1,R,전통시장,1001404,신정제일시장,38,21,17,0,8,9,10,7,4,0,3,5,6,4,3,0,5,4,4,3,1
2021,1,R,전통시장,1001405,신정2동골목시장,41,13,28,0,2,10,15,11,3,0,0,3,7,1,2,0,2,7,8,10,1
2021,1,R,전통시장,1001406,신정3동골목시장,123,81,42,0,2,20,31,25,45,0,0,11,15,17,38,0,2,9,16,8,7
2021,1,R,전통시장,1001408,신월중앙시장,118,53,65,0,28,34,26,13,17,0,8,12,11,9,13,0,20,22,15,4,4
2021,1,R,전통시장,1001409,화곡중앙골목시장,75,32,43,0,4,11,21,22,17,0,2,2,9,8,11,0,2,9,12,14,6
2021,1,R,전통시장,1001410,대원종합시장,9,7,2,0,0,1,0,3,5,0,0,1,0,2,4,0,0,0,0,1,1
2021,1,R,전통시장,1001411,남부골목시장,156,58,98,0,22,27,45,41,21,0,5,4,14,18,17,0,17,23,31,23,4
2021,1,R,전통시장,1001412,화곡본동시장,36,16,20,0,3,5,10,13,5,0,1,3,5,6,1,0,2,2,5,7,4
2021,1,R,전통시장,1001413,까치산시장,114,35,79,0,16,17,35,29,17,0,4,6,8,9,8,0,12,11,27,20,9
2021,1,R,전통시장,1001414,송화골목시장,119,44,75,2,23,18,25,33,18,0,6,7,9,13,9,2,17,11,16,20,9
2021,1,R,전통시장,1001415,방신전통시장,116,81,35,0,15,22,25,29,25,0,12,20,14,14,21,0,3,2,11,15,4
2021,1,R,전통시장,1001417,구로시장,10,5,5,0,0,4,6,0,0,0,0,1,4,0,0,0,0,3,2,0,0
2021,1,R,전통시장,1001418,남구로시장,236,135,101,1,16,48,57,60,54,0,7,29,29,32,38,1,9,19,28,28,16
2021,1,R,전통시장,1001420,고척근린시장,55,19,36,0,2,9,18,20,6,0,0,1,3,9,6,0,2,8,15,11,0
2021,1,R,전통시장,1001421,개봉중앙시장,10,7,3,0,0,0,3,5,2,0,0,0,3,2,2,0,0,0,0,3,0
2021,1,R,전통시장,1001422,오류시장,132,21,111,0,10,26,46,43,7,0,5,1,4,5,6,0,5,25,42,38,1
2021,1,R,전통시장,1001423,독산동 우시장,611,476,135,2,31,74,126,196,182,0,16,55,97,145,163,2,15,19,29,51,19
2021,1,R,전통시장,1001424,남문시장,76,47,29,0,4,5,19,22,26,0,1,2,8,12,24,0,3,3,11,10,2
2021,1,R,전통시장,1001425,푸른터시장,3,2,1,0,0,1,0,2,0,0,0,1,0,1,0,0,0,0,0,1,0
2021,1,R,전통시장,1001426,대명시장,28,11,17,0,6,7,4,4,7,0,2,3,3,1,2,0,4,4,1,3,5
2021,1,R,전통시장,1001427,현대시장,139,42,97,0,13,23,49,40,14,0,4,3,12,17,6,0,9,20,37,23,8
2021,1,R,전통시장,1001428,박미시장,39,26,13,0,1,6,11,9,12,0,0,2,7,8,9,0,1,4,4,1,3
2021,1,R,전통시장,1001429,은행나무시장,67,40,27,0,10,12,17,15,13,0,8,7,12,8,5,0,2,5,5,7,8
2021,1,R,전통시장,1001430,영등포전통시장,2127,1061,1066,15,396,643,568,341,164,0,131,268,317,230,115,15,265,375,251,111,49
2021,1,R,전통시장,1001431,영등포청과시장,23,17,6,0,1,4,7,8,3,0,1,2,6,5,3,0,0,2,1,3,0
2021,1,R,전통시장,1001432,도림시장,6,4,2,0,0,1,4,0,1,0,0,1,3,0,0,0,0,0,1,0,1
2021,1,R,전통시장,1001433,영일시장,155,115,40,1,18,41,43,36,16,0,7,30,37,27,14,1,11,11,6,9,2
2021,1,R,전통시장,1001435,대신시장,12,9,3,0,1,0,5,2,4,0,1,0,3,2,3,0,0,0,2,0,1
2021,1,R,전통시장,1001436,사러가시장,57,35,22,0,1,15,20,19,2,0,1,7,12,13,2,0,0,8,8,6,0
2021,1,R,전통시장,1001438,우리시장,6,5,1,0,1,0,1,3,1,0,0,0,1,3,1,0,1,0,0,0,0
2021,1,R,전통시장,1001439,대림중앙시장,42,29,13,3,10,10,11,3,5,2,8,6,8,1,4,1,2,4,3,2,1
2021,1,R,전통시장,1001440,노량진중앙시장,244,157,87,0,23,85,85,29,22,0,13,65,56,17,6,0,10,20,29,12,16
2021,1,R,전통시장,1001441,본동인정시장,59,41,18,0,6,10,12,15,16,0,4,7,9,8,13,0,2,3,3,7,3
2021,1,R,전통시장,1001442,신노량진시장,11,3,8,0,0,3,3,5,0,0,0,0,1,2,0,0,0,3,2,3,0
2021,1,R,전통시장,1001444,상도전통시장,239,104,135,0,33,60,53,58,35,0,12,23,23,24,22,0,21,37,30,34,13
2021,1,R,전통시장,1001445,영도시장,73,6,67,0,12,18,21,19,3,0,3,0,0,2,1,0,9,18,21,17,2
2021,1,R,전통시장,1001446,성대시장,141,55,86,0,13,25,36,47,20,0,3,10,13,17,12,0,10,15,23,30,8
2021,1,R,전통시장,1001447,상도4동도깨비골목시장,95,49,46,0,11,23,33,14,14,0,5,10,18,7,9,0,6,13,15,7,5
2021,1,R,전통시장,1001448,흑석시장,78,31,47,0,16,10,17,20,15,0,3,2,8,7,11,0,13,8,9,13,4
2021,1,R,전통시장,1001449,남성사계시장,136,59,77,0,21,34,44,21,16,0,3,17,20,7,12,0,18,17,24,14,4
2021,1,R,전통시장,1001450,남성역골목시장,467,268,199,1,36,33,39,47,311,1,12,20,22,16,197,0,24,13,17,31,114
2021,1,R,전통시장,1001451,사당시장,45,20,25,0,4,6,10,11,14,0,0,1,4,6,9,0,4,5,6,5,5
2021,1,R,전통시장,1001452,중부시장,102,40,62,1,5,10,22,39,25,0,2,3,7,16,12,1,3,7,15,23,13
2021,1,R,전통시장,1001453,낙성대시장,10,6,4,0,4,0,3,1,2,0,4,0,0,1,1,0,0,0,3,0,1
2021,1,R,전통시장,1001454,봉천제일종합시장,6,1,5,0,4,0,2,0,0,0,0,0,1,0,0,0,4,0,1,0,0
2021,1,R,전통시장,1001455,봉일시장,44,23,21,1,1,4,6,15,17,0,0,1,5,3,14,1,1,3,1,12,3
2021,1,R,전통시장,1001457,봉천중앙시장,154,42,112,0,17,13,29,46,49,0,5,7,14,14,2,0,12,6,15,32,47
2021,1,R,전통시장,1001458,인헌시장,122,46,76,0,20,27,37,24,14,0,3,9,14,12,8,0,17,18,23,12,6
2021,1,R,전통시장,1001459,신원시장,42,21,21,0,3,4,13,15,7,0,1,2,4,9,5,0,2,2,9,6,2
2021,1,R,전통시장,1001460,관악신사시장,120,63,57,0,17,20,27,37,19,0,5,10,16,20,12,0,12,10,11,17,7
2021,1,R,전통시장,1001462,강남골목시장,168,124,44,0,17,40,46,35,30,0,15,33,30,24,22,0,2,7,16,11,8
2021,1,R,전통시장,1001466,미성동도깨비시장,75,16,59,0,0,16,28,24,7,0,0,7,5,2,2,0,0,9,23,22,5
2021,1,R,전통시장,1001468,남부종합시장,85,63,22,0,2,8,25,35,15,0,1,8,16,24,14,0,1,0,9,11,1
2021,1,R,전통시장,1001469,양재시장,35,22,13,0,2,10,9,7,7,0,1,7,6,3,5,0,1,3,3,4,2
2021,1,R,전통시장,1001470,강남시장_강남,58,33,25,0,13,15,14,8,8,0,7,10,9,2,5,0,6,5,5,6,3
2021,1,R,전통시장,1001471,영동전통시장,242,95,147,0,21,60,67,58,36,0,7,19,22,24,23,0,14,41,45,34,13
2021,1,R,전통시장,1001472,논현종합시장,85,43,42,0,21,14,14,19,17,0,7,7,6,14,9,0,14,7,8,5,8
2021,1,R,전통시장,1001473,청담삼익시장,48,30,18,0,5,11,13,7,12,0,3,6,8,4,9,0,2,5,5,3,3
2021,1,R,전통시장,1001474,도곡시장,57,25,32,0,3,7,15,13,19,0,1,4,4,6,10,0,2,3,11,7,9
2021,1,R,전통시장,1001475,강남개포시장,138,84,54,0,15,20,34,37,32,0,4,5,20,31,24,0,11,15,14,6,8
2021,1,R,전통시장,1001476,풍납시장,51,20,31,0,7,3,10,22,9,0,4,2,2,7,5,0,3,1,8,15,4
2021,1,R,전통시장,1001477,마천시장,102,70,32,0,14,21,24,27,16,0,10,15,12,17,16,0,4,6,12,10,0
2021,1,R,전통시장,1001478,방이시장,3469,1526,1943,5,449,529,612,1126,748,4,159,335,346,371,311,1,290,194,266,755,437
2021,1,R,전통시장,1001479,석촌시장,286,99,187,0,31,57,96,57,45,0,9,12,32,20,26,0,22,45,64,37,19
2021,1,R,전통시장,1001480,새마을시장,208,122,86,0,35,31,56,53,33,0,17,15,37,39,14,0,18,16,19,14,19
2021,1,R,전통시장,1001481,명일골목시장,89,30,59,0,8,10,13,28,30,0,3,6,5,8,8,0,5,4,8,20,22
2021,1,R,전통시장,1001482,고덕전통시장,935,850,85,0,8,37,165,395,330,0,4,31,147,360,308,0,4,6,18,35,22
2021,1,R,전통시장,1001483,암사종합시장,95,53,42,0,8,18,33,20,16,0,4,9,18,10,12,0,4,9,15,10,4
2021,1,R,전통시장,1001484,양지골목시장,60,36,24,0,6,8,14,17,15,0,6,5,5,10,10,0,0,3,9,7,5
2021,1,R,전통시장,1001486,동서울시장,5,3,2,0,0,0,1,1,3,0,0,0,0,1,2,0,0,0,1,0,1
2021,1,R,전통시장,1001487,천호시장,35,19,16,0,4,10,6,7,8,0,2,3,4,3,7,0,2,7,2,4,1
2021,1,R,전통시장,1001488,성내골목시장,30,18,12,0,1,5,8,10,6,0,1,2,5,7,3,0,0,3,3,3,3
2021,1,R,전통시장,1001489,둔촌역전통시장,224,108,116,0,44,51,45,47,37,0,17,25,17,23,26,0,27,26,28,24,11
2021,1,R,전통시장,1001490,길동복조리시장,430,242,188,4,47,66,97,133,83,2,21,39,59,74,47,2,26,27,38,59,36
2021,1,U,관광특구,1001491,이태원 관광특구,5839,3064,2775,28,1377,2065,1290,768,311,18,514,986,777,541,228,10,863,1079,513,227,83
2021,1,U,관광특구,1001492,명동 남대문 북창동 다동 무교동 관광특구,104830,53674,51156,423,27134,34007,23384,15726,4156,137,8860,16080,15133,10824,2640,286,18274,17927,8251,4902,1516
2021,1,U,관광특구,1001493,동대문패션타운 관광특구,6054,2958,3096,36,1434,1695,1160,1061,668,13,543,737,662,600,403,23,891,958,498,461,265
2021,1,U,관광특구,1001494,종로·청계 관광특구,32935,17150,15785,68,5357,9965,9483,6401,1661,15,2285,4911,4591,4158,1190,53,3072,5054,4892,2243,471
2021,1,U,관광특구,1001495,잠실 관광특구,24375,14199,10176,120,4722,6565,5617,4514,2837,51,2484,4186,3496,2297,1685,69,2238,2379,2121,2217,1152
2021,1,U,관광특구,1001496,강남 마이스 관광특구,15904,8904,7000,59,3513,6185,4248,1596,303,25,1160,3361,2887,1246,225,34,2353,2824,1361,350,78
2021,1,A,골목상권,1000008,북촌로5나길,234,113,121,0,47,72,46,35,34,0,13,26,26,24,24,0,34,46,20,11,10
2021,1,A,골목상권,1000001,계동길,842,388,454,0,97,160,190,191,204,0,30,55,85,75,143,0,67,105,105,116,61
2021,1,A,골목상권,1000002,난계로27길,201,114,87,1,18,42,61,40,39,0,6,24,33,24,27,1,12,18,28,16,12
2021,1,A,골목상권,1000003,돈화문로11가길,3686,2700,986,5,474,1086,1164,697,260,0,273,731,930,546,220,5,201,355,234,151,40
2021,1,A,골목상권,1000004,명륜길,56,32,24,0,5,13,16,18,4,0,2,5,13,9,3,0,3,8,3,9,1
2021,1,A,골목상권,1000005,백석동길,1797,1066,731,0,355,581,496,273,92,0,151,351,314,181,69,0,204,230,182,92,23
2021,1,A,골목상권,1000006,북촌로11길,671,232,439,1,209,264,104,61,32,1,37,109,40,22,23,0,172,155,64,39,9
2021,1,A,골목상권,1000009,삼청로5길,2703,2626,77,1,341,605,820,760,176,0,318,588,805,745,170,1,23,17,15,15,6
2021,1,A,골목상권,1000010,성균관로5길,148,84,64,2,6,17,31,31,61,2,2,7,17,19,37,0,4,10,14,12,24
2021,1,A,골목상권,1000011,숭인동길,329,133,196,0,51,55,75,89,59,0,20,24,32,31,26,0,31,31,43,58,33
2021,1,A,골목상권,1000012,옥인길,58,32,26,0,9,9,14,17,9,0,3,2,9,10,8,0,6,7,5,7,1
2021,1,A,골목상권,1000013,율곡로10길,313,206,107,0,46,89,80,66,32,0,20,64,51,46,25,0,26,25,29,20,7
2021,1,A,골목상권,1000014,율곡로16길,235,143,92,2,19,55,70,59,30,0,6,28,49,36,24,2,13,27,21,23,6
2021,1,A,골목상권,1000015,이화장길,497,221,276,1,103,144,98,89,62,0,32,69,46,48,26,1,71,75,52,41,36
2021,1,A,골목상권,1000016,자하문로7길,214,83,131,0,23,52,68,38,33,0,8,18,23,13,21,0,15,34,45,25,12
2021,1,A,골목상권,1000017,종로24길,1011,716,295,2,92,196,264,245,212,1,63,130,184,177,161,1,29,66,80,68,51
2021,1,A,골목상권,1000018,종로58가길,137,71,66,0,28,27,35,24,23,0,3,14,19,18,17,0,25,13,16,6,6
2021,1,A,골목상권,1000019,종로65길,275,157,118,2,17,42,75,91,48,0,5,19,38,66,29,2,12,23,37,25,19
2021,1,A,골목상권,1000020,지봉로8길,183,90,93,0,31,43,41,44,24,0,6,21,19,25,19,0,25,22,22,19,5
2021,1,A,골목상권,1000021,창경궁로35길,787,171,616,0,126,225,255,154,27,0,12,43,63,36,17,0,114,182,192,118,10
2021,1,A,골목상권,1000022,창신2길,56,26,30,0,0,12,19,13,12,0,0,5,7,6,8,0,0,7,12,7,4
2021,1,A,골목상권,1000023,창신5길,15,7,8,0,0,0,6,9,0,0,0,0,5,2,0,0,0,0,1,7,0
2021,1,A,골목상권,1000024,창신길,146,29,117,0,8,14,28,56,40,0,0,3,15,9,2,0,8,11,13,47,38
2021,1,A,골목상권,1000025,통일로12길,13,6,7,0,2,3,3,3,2,0,1,1,1,2,1,0,1,2,2,1,1
2021,1,A,골목상권,1000026,평창길,6654,2605,4049,1,565,1950,2602,1390,146,0,195,822,1204,275,109,1,370,1128,1398,1115,37
2021,1,A,골목상권,1000027,필운대로1길,202,62,140,1,23,46,59,65,8,0,3,10,22,21,6,1,20,36,37,44,2
2021,1,A,골목상권,1000028,난계로11길,255,170,85,0,44,57,59,57,38,0,21,34,46,38,31,0,23,23,13,19,7
2021,1,A,골목상권,1000029,난계로21길,128,93,35,0,8,27,29,41,23,0,6,17,22,29,19,0,2,10,7,12,4
2021,1,A,골목상권,1000030,다산로33길,320,201,119,0,68,80,79,57,36,0,35,56,53,30,27,0,33,24,26,27,9
2021,1,A,골목상권,1000031,다산로36길,91,55,36,0,2,14,27,34,14,0,0,9,18,18,10,0,2,5,9,16,4
2021,1,A,골목상권,1000032,다산로38길,674,311,363,2,139,174,176,116,67,1,35,63,92,74,46,1,104,111,84,42,21
2021,1,A,골목상권,1000033,다산로39길,39,19,20,0,2,3,6,16,12,0,0,1,0,10,8,0,2,2,6,6,4
2021,1,A,골목상권,1000034,동호로10길,1553,857,696,3,261,374,326,340,249,1,90,202,225,212,127,2,171,172,101,128,122
2021,1,A,골목상권,1000035,동호로11길,337,208,129,0,49,81,97,77,33,0,19,45,67,57,20,0,30,36,30,20,13
2021,1,A,골목상권,1000036,동호로15길,1161,835,326,6,228,448,321,118,40,1,134,338,252,80,30,5,94,110,69,38,10
2021,1,A,골목상권,1000037,동호로20길,2429,1304,1125,3,321,667,667,599,172,2,111,288,353,409,141,1,210,379,314,190,31
2021,1,A,골목상권,1000038,동호로8길,386,160,226,0,57,89,87,78,75,0,24,37,41,23,35,0,33,52,46,55,40
2021,1,A,골목상권,1000039,명동길,7830,4550,3280,27,1990,2892,1763,922,236,7,795,1677,1196,704,171,20,1195,1215,567,218,65
2021,1,A,골목상권,1000040,삼일대로4길,1571,1113,458,3,249,467,441,280,131,1,120,323,320,237,112,2,129,144,121,43,19
2021,1,A,골목상권,1000041,장충단로8길,3778,1997,1781,18,690,903,1066,949,152,3,282,613,568,435,96,15,408,290,498,514,56
2021,1,A,골목상권,1000042,청구로17길,485,306,179,0,57,91,127,130,80,0,33,62,72,88,51,0,24,29,55,42,29
2021,1,A,골목상권,1000043,청구로1길,108,72,36,0,2,14,29,43,20,0,1,4,18,35,14,0,1,10,11,8,6
2021,1,A,골목상권,1000044,퇴계로12길,180,103,77,0,26,35,37,28,54,0,11,20,24,16,32,0,15,15,13,12,22
2021,1,A,골목상권,1000045,퇴계로18길,967,435,532,2,118,152,175,254,266,2,51,69,83,87,143,0,67,83,92,167,123
2021,1,A,골목상권,1000046,퇴계로46길,1098,613,485,12,198,288,308,187,105,7,95,148,154,129,80,5,103,140,154,58,25
2021,1,A,골목상권,1000047,퇴계로56길,569,424,145,0,60,157,199,97,56,0,30,112,160,77,45,0,30,45,39,20,11
2021,1,A,골목상권,1000048,퇴계로8길,438,246,192,0,58,114,140,73,53,0,19,62,84,43,38,0,39,52,56,30,15
2021,1,A,골목상권,1000049,퇴계로90길,463,225,238,2,60,115,115,99,72,2,27,45,57,50,44,0,33,70,58,49,28
2021,1,A,골목상권,1000050,녹사평대로11길,107,78,29,0,23,42,27,9,6,0,12,34,18,8,6,0,11,8,9,1,0
2021,1,A,골목상권,1000051,녹사평대로26길,494,230,264,3,187,187,67,32,18,2,55,96,49,17,11,1,132,91,18,15,7
2021,1,A,골목상권,1000052,녹사평대로32길,56,31,25,1,9,12,15,10,9,1,6,7,5,5,7,0,3,5,10,5,2
2021,1,A,골목상권,1000053,녹사평대로40나길,46,21,25,2,6,12,12,11,3,2,5,5,3,5,1,0,1,7,9,6,2
2021,1,A,골목상권,1000054,녹사평대로46길,43,19,24,0,3,7,14,8,11,0,0,2,6,3,8,0,3,5,8,5,3
2021,1,A,골목상권,1000055,대사관로34길,606,393,213,7,104,137,112,158,88,6,67,83,74,108,55,1,37,54,38,50,33
2021,1,A,골목상권,1000056,두텁바위로1길,1111,483,628,7,136,259,329,261,119,3,25,84,126,154,91,4,111,175,203,107,28
2021,1,A,골목상권,1000057,백범로79길,899,560,339,3,106,256,270,165,99,2,45,159,182,104,68,1,61,97,88,61,31
2021,2,R,전통시장,1001284,서울중앙시장,451,320,131,0,102,148,94,56,51,0,76,107,50,41,46,0,26,41,44,15,5
2021,2,R,전통시장,1001294,마장축산물시장,532,358,174,0,59,106,132,138,97,0,45,69,86,91,67,0,14,37,46,47,30
2021,2,A,골목상권,1000096,마조로1길,30,14,16,0,4,5,11,7,3,0,1,2,6,4,1,0,3,3,5,3,2
2021,2,A,골목상권,1000014,율곡로16길,235,143,92,2,19,55,70,59,30,0,6,28,49,36,24,2,13,27,21,23,6
2021,2,D,발달상권,1001127,서울 영등포구 여의도역_1,27015,17171,9844,68,3989,9188,7870,4357,1543,7,1839,5322,5574,3343,1086,61,2150,3866,2296,1014,457
2021,2,A,골목상권,1000006,북촌로11길,671,232,439,1,209,264,104,61,32,1,37,109,40,22,23,0,172,155,64,39,9
2021,2,A,골목상권,1000203,전농로29길,461,336,125,1,55,75,140,150,40,0,36,49,104,119,28,1,19,26,36,31,12
2021,2,R,전통시장,1001306,노룬산골목시장,23,13,10,0,4,5,10,2,2,0,3,3,6,0,1,0,1,2,4,2,1
2021,2,R,전통시장,1001273,남대문시장,8186,3966,4220,71,2160,2561,1905,1091,398,32,750,1294,1199,470,221,39,1410,1267,706,621,177
2021,2,R,전통시장,1001278,남평화시장,5,3,2,0,0,4,0,0,1,0,0,2,0,0,1,0,0,2,0,0,0
2021,2,R,전통시장,1001277,방산종합시장,1190,736,454,1,96,200,284,312,297,0,56,117,154,191,218,1,40,83,130,121,79
2021,2,A,골목상권,1000035,동호로11길,337,208,129,0,49,81,97,77,33,0,19,45,67,57,20,0,30,36,30,20,13
2021,2,A,골목상권,1000113,아차산로11길,3213,2213,1000,24,466,775,870,728,350,23,279,564,615,470,262,1,187,211,255,258,88
2021,2,A,골목상권,1000089,금호산2길,22,12,10,0,1,5,4,4,8,0,0,2,3,4,3,0,1,3,1,0,5
2021,2,A,골목상권,1000229,동일로101길,202,58,144,1,26,33,37,80,25,0,6,13,14,18,7,1,20,20,23,62,18
2021,2,A,골목상권,1000231,동일로123길,145,74,71,0,14,26,41,29,35,0,6,13,21,12,22,0,8,13,20,17,13
2021,2,A,골목상권,1000155,아차산로78길,575,421,154,0,83,170,156,94,72,0,53,137,109,67,55,0,30,33,47,27,17
2021,2,A,골목상권,1000140,능동로3길,71,45,26,0,6,15,19,16,15,0,0,9,15,11,10,0,6,6,4,5,5
2021,2,A,골목상권,1000260,중랑천로10길,207,109,98,0,18,51,79,42,17,0,6,26,37,28,12,0,12,25,42,14,5
2021,2,A,골목상권,1000241,면목로21길,54,37,17,0,2,8,16,20,8,0,1,4,10,16,6,0,1,4,6,4,2
2021,2,R,전통시장,1001341,길음시장,91,19,72,0,36,24,10,8,13,0,2,5,3,2,7,0,34,19,7,6,6
2021,2,A,골목상권,1000293,인촌로5길,63,31,32,0,6,13,16,14,14,0,5,6,7,9,4,0,1,7,9,5,10
2021,2,D,발달상권,1001245,서울 성북구 성신여대입구역,2865,1629,1236,11,290,743,775,869,177,5,119,304,436,638,127,6,171,439,339,231,50
2021,2,R,전통시장,1001333,중화제일시장,69,30,39,0,8,14,25,14,8,0,3,6,15,5,1,0,5,8,10,9,7
2021,2,A,골목상권,1000237,동일로157길,443,270,173,0,54,90,87,139,73,0,14,50,47,102,57,0,40,40,40,37,16
2021,2,A,골목상권,1000273,보국문로16길,181,97,84,0,16,34,53,42,36,0,3,14,26,27,27,0,13,20,27,15,9
2021,2,R,전통시장,1001283,백학시장,95,43,52,0,11,14,29,24,17,0,4,6,12,11,10,0,7,8,17,13,7
2021,2,A,골목상권,1000494,와우산로29가길,989,653,336,5,235,376,221,123,29,5,106,255,160,105,22,0,129,121,61,18,7
2021,2,A,골목상권,1000339,수유로12길,281,199,82,0,35,46,56,55,89,0,8,33,38,39,81,0,27,13,18,16,8
2021,2,A,골목상권,1000294,인촌로6길,195,131,64,2,25,35,45,41,47,1,9,25,30,30,36,1,16,10,15,11,11
2021,2,A,골목상권,1000286,오패산로19길,101,36,65,1,18,30,26,18,8,1,2,12,12,5,4,0,16,18,14,13,4
2021,2,A,골목상권,1000269,동소문로15길,209,152,57,8,4,20,45,59,73,8,2,8,24,41,69,0,2,12,21,18,4
2021,2,A,골목상권,1000354,덕릉로60길,177,126,51,0,12,40,54,53,18,0,4,32,36,37,17,0,8,8,18,16,1
2021,2,A,골목상권,1000349,한천로132길,56,31,25,0,6,8,10,21,11,0,3,4,6,12,6,0,3,4,4,9,5
2021,2,A,골목상권,1000335,솔매로41길,67,38,29,0,2,9,30,15,11,0,0,4,18,10,6,0,2,5,12,5,5
2021,2,R,전통시장,1001358,수유북부시장,20,14,6,0,1,1,7,5,6,0,0,0,6,3,5,0,1,1,1,2,1
2021,2,A,골목상권,1000453,통일로11길,97,46,51,0,12,17,28,25,15,0,1,6,13,19,7,0,11,11,15,6,8
2021,2,A,골목상권,1000333,삼양로77길,131,58,73,0,12,26,40,37,16,0,5,14,17,13,9,0,7,12,23,24,7
2021,2,A,골목상권,1000316,노해로23길,70,47,23,0,8,8,18,24,12,0,6,6,12,15,8,0,2,2,6,9,4
2021,2,A,골목상권,1000350,한천로139가길,108,47,61,1,26,14,21,28,18,0,8,7,10,9,13,1,18,7,11,19,5
2021,2,A,골목상권,1000315,노해로17길,103,56,47,0,11,18,31,34,9,0,3,8,13,26,6,0,8,10,18,8,3
2021,2,R,전통시장,1001349,방천골목시장,92,55,37,0,15,10,26,32,9,0,10,8,13,17,7,0,5,2,13,15,2
2021,2,R,전통시장,1001348,동북시장,121,49,72,0,9,23,37,29,23,0,4,8,17,9,11,0,5,15,20,20,12
2021,2,R,전통시장,1001357,장미원골목시장,911,571,340,0,15,14,38,89,755,0,1,4,12,40,514,0,14,10,26,49,241
2021,2,A,골목상권,1000447,증가로10길,1463,1123,340,29,380,617,302,113,22,26,255,475,276,74,17,3,125,142,26,39,5
2021,2,A,골목상권,1000496,와우산로3길,257,176,81,0,29,57,61,76,34,0,11,35,43,60,27,0,18,22,18,16,7
2021,2,A,골목상권,1000479,방울내로9안길,619,351,268,4,145,115,139,131,85,3,47,70,88,83,60,1,98,45,51,48,25
2021,2,A,골목상권,1000688,당산로31길,1481,749,732,4,342,442,339,230,124,0,104,239,178,136,92,4,238,203,161,94,32
2021,2,A,골목상권,1000438,모래내로15길,74,54,20,0,12,13,23,22,4,0,8,9,17,17,3,0,4,4,6,5,1
2021,2,R,전통시장,1001386,신수시장,34,19,15,0,4,7,12,5,6,0,1,5,5,4,4,0,3,2,7,1,2
2021,2,A,골목상권,1000811,봉천로13길,241,86,155,0,39,72,52,65,13,0,5,28,18,30,5,0,34,44,34,35,8
2021,2,A,골목상권,1000485,성지3길,338,228,110,0,44,79,87,97,31,0,21,49,59,69,30,0,23,30,28,28,1
2021,2,A,골목상권,1000459,대흥로21길,372,188,184,0,36,55,83,110,88,0,6,21,37,68,56,0,30,34,46,42,32
2021,2,R,전통시장,1001431,영등포청과시장,23,17,6,0,1,4,7,8,3,0,1,2,6,5,3,0,0,2,1,3,0
2021,2,A,골목상권,1000468,동교로25길,1378,581,797,1,137,317,270,327,326,0,58,186,180,97,60,1,79,131,90,230,266
2021,2,A,골목상권,1000463,독막로22길,91,61,30,0,16,26,27,12,10,0,8,20,13,11,9,0,8,6,14,1,1
2021,2,D,발달상권,1001025,서울 관악구 서울대입구역_1,1502,797,705,13,298,353,337,255,246,7,119,184,177,137,173,6,179,169,160,118,73
2021,2,A,골목상권,1000837,행운길,557,428,129,2,61,163,120,107,104,0,31,118,92,90,97,2,30,45,28,17,7
2021,2,A,골목상권,1000794,난향길,206,89,117,0,14,56,58,57,21,0,0,22,27,29,11,0,14,34,31,28,10
2021,2,R,전통시장,1001438,우리시장,6,5,1,0,1,0,1,3,1,0,0,0,1,3,1,0,1,0,0,0,0
2021,2,D,발달상권,1001032,서울 관악구 신림역_2,166,63,103,0,34,48,33,26,25,0,7,11,16,13,16,0,27,37,17,13,9
2021,2,A,골목상권,1000698,대림로8길,234,113,121,0,18,50,52,75,39,0,1,19,23,42,28,0,17,31,29,33,11
2021,2,A,골목상권,1000709,디지털로74길,13,8,5,0,1,8,2,2,0,0,0,5,1,2,0,0,1,3,1,0,0
2021,2,D,발달상권,1001017,관악구 사당역_3,1538,1135,403,4,331,452,424,252,75,3,210,340,339,191,52,1,121,112,85,61,23
2021,2,A,골목상권,1000818,신림로38길,147,90,57,0,13,20,43,37,34,0,7,14,21,23,25,0,6,6,22,14,9
2021,2,R,전통시장,1001460,관악신사시장,120,63,57,0,17,20,27,37,19,0,5,10,16,20,12,0,12,10,11,17,7
2021,2,A,골목상권,1000815,신림동길,669,435,234,1,53,110,177,179,149,1,27,61,105,119,122,0,26,49,72,60,27
2021,2,A,골목상권,1000834,청룡길,404,224,180,1,27,66,135,112,63,0,6,25,76,70,47,1,21,41,59,42,16
2021,2,A,골목상권,1000930,언주로81길,5810,3989,1821,29,1001,1754,1592,924,510,8,529,1193,1198,684,377,21,472,561,394,240,133
2021,2,A,골목상권,1000920,삼성로63길,1079,554,525,3,130,330,265,244,107,1,51,131,137,152,82,2,79,199,128,92,25
2021,2,D,발달상권,1001053,서울 강남구 대치역_1,102,38,64,2,20,21,19,18,22,1,7,5,5,7,13,1,13,16,14,11,9
2021,2,D,발달상권,1001070,은마아파트입구사거리_4,570,252,318,1,106,152,143,111,57,0,38,74,83,37,20,1,68,78,60,74,37
2021,2,D,발달상권,1001237,서울 종로구 경복궁역_2,239,107,132,0,35,62,52,43,47,0,13,14,23,28,29,0,22,48,29,15,18
2021,2,D,발달상권,1001263,서울 노원구 노원역_3,418,159,259,3,102,53,90,90,80,0,24,23,33,38,41,3,78,30,57,52,39
2021,2,A,골목상권,1000429,진흥로12길,392,144,248,6,50,101,107,85,43,5,27,26,32,29,25,1,23,75,75,56,18
2021,2,R,전통시장,1001320,전농로터리시장,7,3,4,0,1,0,2,3,1,0,0,0,1,1,1,0,1,0,1,2,0
2021,2,A,골목상권,1000209,천호대로12길,55,35,20,0,4,9,12,18,12,0,3,3,10,10,9,0,1,6,2,8,3
2021,2,R,전통시장,1001360,창동골목시장,84,47,37,0,19,30,14,8,13,0,7,20,9,5,6,0,12,10,5,3,7
2021,2,R,전통시장,1001321,답십리현대시장,36,31,5,0,4,4,7,13,8,0,3,4,6,11,7,0,1,0,1,2,1
2021,2,A,골목상권,1000180,망우로18길,52,17,35,1,4,9,20,14,4,0,2,3,3,7,2,1,2,6,17,7,2
2021,2,A,골목상권,1000220,휘경로2길,138,88,50,0,23,26,40,31,18,0,7,14,28,25,14,0,16,12,12,6,4
2021,2,A,골목상권,1000367,도봉산4길,27,24,3,0,3,8,9,2,5,0,3,8,8,2,3,0,0,0,1,0,2
2021,2,D,발달상권,1001258,등나무근린공원 주변,65,19,46,0,5,7,27,20,6,0,2,0,6,8,3,0,3,7,21,12,3
2021,2,D,발달상권,1001086,고속터미널역,2010,1612,398,18,204,298,637,631,222,5,102,206,555,565,179,13,102,92,82,66,43
2021,2,R,전통시장,1001316,서울약령시장,1171,642,529,4,112,206,302,338,209,0,55,127,163,178,119,4,57,79,139,160,90
2021,2,A,골목상권,1000947,백제고분로33길,921,574,347,1,86,171,209,231,223,1,43,96,133,148,153,0,43,75,76,83,70
2021,2,A,골목상권,1000343,인수봉로56길,44,25,19,0,5,7,13,11,8,0,2,4,9,9,1,0,3,3,4,2,7
2021,2,D,발달상권,1001098,포스코사거리_1,22702,15610,7092,46,3298,9107,6757,2364,1130,8,1415,5813,5586,2043,745,38,1883,3294,1171,321,385
2021,2,A,골목상권,1000667,문성로5길,379,199,180,2,12,116,135,91,23,2,5,45,71,56,20,0,7,71,64,35,3
2021,2,D,발달상권,1001123,학동사거리_1,4075,2555,1520,4,726,1146,874,714,611,3,268,567,615,579,523,1,458,579,259,135,88
2021,2,A,골목상권,1000421,응암로34길,231,118,113,1,22,39,75,63,31,1,9,22,43,24,19,0,13,17,32,39,12
2021,2,R,전통시장,1001376,수일시장,7,2,5,0,0,2,1,2,2,0,0,0,0,1,1,0,0,2,1,1,1
2021,2,A,골목상권,1000389,가좌로7길,329,203,126,0,27,59,107,92,44,0,14,33,69,49,38,0,13,26,38,43,6
2021,2,A,골목상권,1000401,연서로16길,121,66,55,0,15,20,30,37,19,0,4,5,19,22,16,0,11,15,11,15,3
2021,2,A,골목상권,1000644,디지털로32길,815,435,380,0,136,331,158,118,72,0,43,184,83,71,54,0,93,147,75,47,18
2021,2,A,골목상권,1000402,연서로17길,540,162,378,0,38,79,137,190,96,0,5,37,49,29,42,0,33,42,88,161,54
2021,2,A,골목상권,1000422,증산로13길,79,42,37,0,7,21,24,16,11,0,3,9,12,7,11,0,4,12,12,9,0
2021,2,R,전통시장,1001375,증산종합시장,8,5,3,0,0,1,2,2,3,0,0,0,1,2,2,0,0,1,1,0,1
2021,2,A,골목상권,1000578,공항대로59다길,1037,645,392,2,112,262,205,258,198,2,37,126,133,182,165,0,75,136,72,76,33
2021,2,A,골목상권,1000434,통일로92길,186,72,114,0,15,38,49,59,25,0,6,22,23,14,7,0,9,16,26,45,18
2021,2,A,골목상권,1000550,화곡로3길,351,177,174,0,35,112,90,83,31,0,10,38,50,51,28,0,25,74,40,32,3
2021,2,A,골목상권,1000540,은행정로5길,109,57,52,0,12,27,18,26,26,0,6,12,9,14,16,0,6,15,9,12,10
2021,2,R,전통시장,1001396,목4동시장,52,35,17,0,2,8,13,17,12,0,0,6,8,11,10,0,2,2,5,6,2
2021,2,A,골목상권,1000019,종로65길,275,157,118,2,17,42,75,91,48,0,5,19,38,66,29,2,12,23,37,25,19
2021,2,A,골목상권,1000547,중앙로51길,283,178,105,0,19,25,70,87,82,0,6,14,40,47,71,0,13,11,30,40,11
2021,2,R,전통시장,1001403,신월7동골목시장,24,16,8,0,0,2,7,6,9,0,0,0,5,4,7,0,0,2,2,2,2
2021,2,A,골목상권,1000518,목동남로4길,797,494,303,5,67,166,181,180,198,4,40,92,97,113,148,1,27,74,84,67,50
2021,2,A,골목상권,1000596,양천로71길,1203,752,451,6,177,261,301,283,175,5,89,195,170,155,138,1,88,66,131,128,37
2021,2,A,골목상권,1000582,까치산로4길,189,112,77,7,16,48,46,43,29,6,8,28,25,24,21,1,8,20,21,19,8
2021,2,A,골목상권,1000615,개봉로2길,186,99,87,1,21,25,56,43,40,1,9,11,26,25,27,0,12,14,30,18,13
2021,2,A,골목상권,1000617,경인로15길,259,93,166,0,26,41,66,83,43,0,10,20,24,24,15,0,16,21,42,59,28
2021,2,A,골목상권,1000579,공항대로61길,547,415,132,8,107,180,129,86,37,5,57,146,112,65,30,3,50,34,17,21,7
2021,2,A,골목상권,1000608,화곡로64길,1128,686,442,1,113,166,194,248,406,0,57,104,136,150,239,1,56,62,58,98,167
2021,2,A,골목상권,1000576,공항대로55길,900,577,323,7,232,255,212,131,63,2,105,172,157,91,50,5,127,83,55,40,13
2021,2,A,골목상권,1000585,등촌로39길,313,146,167,2,60,75,59,79,38,1,20,29,26,39,31,1,40,46,33,40,7
2021,2,A,골목상권,1000552,가로공원로76가길,168,91,77,2,19,35,53,39,20,1,10,20,27,20,13,1,9,15,26,19,7
2021,2,A,골목상권,1000605,화곡로31길,618,375,243,1,157,138,102,113,107,0,64,79,67,76,89,1,93,59,35,37,18
2021,2,A,골목상권,1000654,가산로3길,999,756,243,6,107,211,252,240,183,6,87,176,196,175,116,0,20,35,56,65,67
2021,2,A,골목상권,1000896,논현로115길,2866,1752,1114,16,807,1087,593,259,104,5,350,692,443,182,80,11,457,395,150,77,24
2021,2,A,골목상권,1000613,개봉로20길,3082,1346,1736,2,275,551,822,977,455,0,164,291,353,326,212,2,111,260,469,651,243
2021,2,A,골목상권,1000631,구로동로7길,115,71,44,0,20,12,24,36,23,0,13,3,12,22,21,0,7,9,12,14,2
2021,2,A,골목상권,1000777,장승배기로27길,260,135,125,0,14,60,66,79,41,0,12,31,32,40,20,0,2,29,34,39,21
2021,2,A,골목상권,1000670,벚꽃로56길,301,260,41,0,8,11,43,135,104,0,7,5,32,118,98,0,1,6,11,17,6
2021,2,A,골목상권,1000666,독산로85길,68,34,34,0,7,5,22,22,12,0,3,2,9,12,8,0,4,3,13,10,4
2021,2,A,골목상권,1000753,사당로29길,128,78,50,0,27,34,27,19,21,0,7,21,17,14,19,0,20,13,10,5,2
2021,2,A,골목상권,1000878,주흥길,164,111,53,0,17,24,59,35,29,0,10,17,35,27,22,0,7,7,24,8,7
2021,2,D,발달상권,1001117,강남구 신사역_2,6953,3586,3367,33,2190,1609,1101,1118,902,11,811,807,685,587,685,22,1379,802,416,531,217
2021,2,R,전통시장,1001428,박미시장,39,26,13,0,1,6,11,9,12,0,0,2,7,8,9,0,1,4,4,1,3
2021,2,A,골목상권,1000661,독산로40길,219,75,144,4,21,35,58,83,18,4,10,15,20,17,9,0,11,20,38,66,9
2021,2,A,골목상권,1000363,도봉로152가길,342,311,31,1,7,19,39,120,156,0,4,13,31,115,148,1,3,6,8,5,8
2021,2,R,전통시장,1001445,영도시장,73,6,67,0,12,18,21,19,3,0,3,0,0,2,1,0,9,18,21,17,2
2021,2,D,발달상권,1001072,신대방삼거리역,259,129,130,0,27,40,80,70,42,0,12,17,39,35,26,0,15,23,41,35,16
2021,2,A,골목상권,1000739,동작대로17길,806,386,420,0,153,270,229,95,59,0,63,117,100,61,45,0,90,153,129,34,14
2021,2,A,골목상권,1000749,사당로20길,103,53,50,0,11,24,31,21,16,0,3,16,13,12,9,0,8,8,18,9,7
2021,2,A,골목상권,1000756,사당로8길,131,70,61,0,16,19,41,37,18,0,2,9,24,22,13,0,14,10,17,15,5
2021,2,A,골목상권,1000738,대방동2길,281,134,147,0,29,70,56,90,36,0,10,41,31,36,16,0,19,29,25,54,20
2021,2,A,골목상권,1000772,여의대방로22카길,346,202,144,1,17,30,65,93,140,1,14,20,34,39,94,0,3,10,31,54,46
2021,2,A,골목상권,1000871,서초대로25길,2073,1591,482,5,353,572,466,415,262,5,239,408,373,342,224,0,114,164,93,73,38
2021,2,A,골목상권,1000765,서달로8가길,83,34,49,0,13,15,16,21,18,0,5,6,7,9,7,0,8,9,9,12,11
2021,2,D,발달상권,1001045,동작구 총신대입구역_1,327,125,202,2,49,51,76,79,70,0,18,15,30,23,39,2,31,36,46,56,31
2021,2,A,골목상권,1001002,천중로51길,761,536,225,1,51,141,166,200,202,1,31,102,111,148,143,0,20,39,55,52,59
2021,2,A,골목상권,1000068,원효로89길,1387,969,418,4,273,447,297,244,122,2,173,325,213,178,78,2,100,122,84,66,44
2021,2,R,전통시장,1001274,신중부시장,3089,921,2168,8,1868,593,250,198,172,3,316,189,171,120,122,5,1552,404,79,78,50
2021,2,A,골목상권,1000734,국사봉2길,55,34,21,0,2,13,12,17,11,0,2,6,7,11,8,0,0,7,5,6,3
2021,2,A,골목상권,1000802,남현3길,372,256,116,0,32,59,134,74,73,0,12,39,95,57,53,0,20,20,39,17,20
2021,2,A,골목상권,1000427,증산로9길,606,525,81,0,38,106,204,214,44,0,24,91,183,194,33,0,14,15,21,20,11
2021,2,A,골목상권,1000507,가로공원로58길,91,54,37,0,15,20,19,27,10,0,14,12,11,14,3,0,1,8,8,13,7
2021,2,A,골목상권,1000408,연서로34길,1310,709,601,0,8,27,40,168,1067,0,5,7,16,76,605,0,3,20,24,92,462
2021,2,A,골목상권,1000398,역말로9길,159,82,77,0,17,26,50,40,26,0,14,13,21,15,19,0,3,13,29,25,7
2021,2,A,골목상권,1000396,서오릉로8길,160,104,56,0,8,30,67,36,19,0,5,23,44,17,15,0,3,7,23,19,4
2021,2,D,발달상권,1001135,신사동 가로수길,14671,7582,7089,64,3450,4410,3497,2063,1187,17,1101,2351,2086,1181,846,47,2349,2059,1411,882,341
2021,2,A,골목상권,1000424,증산로17길,161,110,51,0,8,24,52,51,26,0,5,11,30,42,22,0,3,13,22,9,4
2021,2,A,골목상권,1000521,목동로19길,351,190,161,2,32,95,121,66,35,1,11,46,68,43,21,1,21,49,53,23,14
2021,2,D,발달상권,1001059,교대역_3,1005,649,356,1,104,245,240,215,200,0,28,124,161,160,176,1,76,121,79,55,24
2021,2,A,골목상권,1000407,연서로33길,109,49,60,0,4,26,25,34,20,0,3,18,11,12,5,0,1,8,14,22,15
2021,2,A,골목상권,1000411,연서로5길,647,303,344,1,50,86,173,229,108,0,19,47,86,93,58,1,31,39,87,136,50
2021,2,A,골목상권,1000528,목동중앙북로8길,171,102,69,0,14,39,41,37,40,0,6,19,23,23,31,0,8,20,18,14,9
2021,2,R,전통시장,1001368,연서시장,206,144,62,0,17,47,43,56,43,0,4,23,30,47,40,0,13,24,13,9,3
2021,2,A,골목상권,1000533,신목로6길,582,383,199,25,130,153,110,102,62,13,71,105,77,68,49,12,59,48,33,34,13
2021,2,A,골목상권,1000546,중앙로47길,94,40,54,2,13,19,24,22,14,0,1,6,17,11,5,2,12,13,7,11,9
2021,2,R,전통시장,1001400,신월3동골목시장,12,7,5,0,1,2,4,5,0,0,0,1,3,3,0,0,1,1,1,2,0
2021,2,A,골목상권,1000515,남부순환로70길,165,101,64,0,15,21,55,52,22,0,10,7,31,35,18,0,5,14,24,17,4
2021,2,A,골목상권,1000520,목동동로8길,184,106,78,0,25,40,53,46,20,0,13,23,28,29,13,0,12,17,25,17,7
2021,2,A,골목상권,1000590,방화대로6라길,653,413,240,1,97,165,199,139,52,0,47,101,136,93,36,1,50,64,63,46,16
2021,2,A,골목상권,1000598,우장산로6길,486,298,188,0,159,95,87,89,56,0,81,52,53,68,44,0,78,43,34,21,12
2021,2,A,골목상권,1000559,강서로45길,101,43,58,0,7,21,36,15,22,0,2,7,14,5,15,0,5,14,22,10,7
2021,2,A,골목상권,1000563,강서로5가길,182,98,84,0,14,25,43,58,42,0,7,11,22,31,27,0,7,14,21,27,15
2021,2,A,골목상권,1000632,구로동로8길,298,153,145,4,23,37,62,74,98,2,6,13,23,40,69,2,17,24,39,34,29
2021,2,A,골목상권,1000624,고척로52길,40,27,13,0,2,1,10,11,16,0,2,1,7,6,11,0,0,0,3,5,5
2021,2,A,골목상권,1000623,고척로27다길,169,99,70,0,10,21,43,60,35,0,9,8,21,34,27,0,1,13,22,26,8
2021,2,D,발달상권,1001064,대림역_1,340,205,135,0,54,89,92,69,36,0,24,58,58,39,26,0,30,31,34,30,10
2021,2,A,골목상권,1000669,범안로17길,4567,2830,1737,0,82,135,247,533,3570,0,46,101,158,287,2238,0,36,34,89,246,1332
2021,2,A,골목상권,1000901,논현로28길,2736,1826,910,11,696,753,524,354,398,5,338,444,374,296,369,6,358,309,150,58,29
2021,2,A,골목상권,1000851,논현로1길,1227,780,447,5,269,367,293,191,102,4,136,232,193,136,79,1,133,135,100,55,23
2021,2,A,골목상권,1000646,부일로15길,156,107,49,0,25,29,36,35,31,0,12,19,27,23,26,0,13,10,9,12,5
2021,2,A,골목상권,1000650,오류로8길,442,219,223,0,91,160,97,58,36,0,35,95,49,24,16,0,56,65,48,34,20
2021,2,A,골목상권,1000647,부일로1길,356,321,35,1,10,18,45,129,153,1,6,12,35,120,147,0,4,6,10,9,6
2021,2,A,골목상권,1000659,남부순환로112길,96,66,30,0,13,24,30,19,10,0,10,15,23,11,7,0,3,9,7,8,3
2021,2,A,골목상권,1000621,고척로21나길,369,197,172,0,34,54,115,112,54,0,21,33,45,55,43,0,13,21,70,57,11
2021,2,A,골목상권,1000642,디지털로27길,26,20,6,0,1,1,10,6,8,0,1,1,6,4,8,0,0,0,4,2,0
2021,2,A,골목상권,1000656,금하로14길,96,65,31,0,5,14,27,29,21,0,3,11,15,20,16,0,2,3,12,9,5
2021,2,A,골목상권,1000676,시흥대로22길,259,143,116,0,44,58,66,63,28,0,24,34,28,40,17,0,20,24,38,23,11
2021,2,A,골목상권,1000766,성대로1길,87,43,44,0,6,12,17,33,19,0,1,4,7,17,14,0,5,8,10,16,5
2021,2,A,골목상권,1000748,사당로16길,116,36,80,0,13,20,29,40,14,0,2,7,5,12,10,0,11,13,24,28,4
2021,2,R,전통시장,1001448,흑석시장,78,31,47,0,16,10,17,20,15,0,3,2,8,7,11,0,13,8,9,13,4
2021,2,A,골목상권,1000764,서달로15길,42,14,28,1,7,4,15,10,5,0,0,1,6,5,2,1,7,3,9,5,3
2021,2,R,전통시장,1001449,남성사계시장,136,59,77,0,21,34,44,21,16,0,3,17,20,7,12,0,18,17,24,14,4
2021,2,A,골목상권,1000867,사평대로26길,509,346,163,0,64,128,135,104,78,0,42,95,96,62,51,0,22,33,39,42,27
2021,2,A,골목상권,1000178,답십리로72길,54,20,34,0,7,13,15,16,3,0,3,6,5,4,2,0,4,7,10,12,1
2021,2,A,골목상권,1000956,송이로32길,1295,733,562,5,123,230,291,259,387,3,68,138,182,135,207,2,55,92,109,124,180
2021,2,R,전통시장,1001472,논현종합시장,85,43,42,0,21,14,14,19,17,0,7,7,6,14,9,0,14,7,8,5,8
2021,2,A,골목상권,1000217,한천로46길,257,101,156,1,29,69,82,62,14,1,9,32,26,26,7,0,20,37,56,36,7
2021,2,A,골목상권,1000001,계동길,842,388,454,0,97,160,190,191,204,0,30,55,85,75,143,0,67,105,105,116,61
2021,2,D,발달상권,1001241,혜화역 대학로_2,334,256,78,1,14,37,100,137,45,0,4,28,86,114,24,1,10,9,14,23,21
2021,2,A,골목상권,1000023,창신5길,15,7,8,0,0,0,6,9,0,0,0,0,5,2,0,0,0,0,1,7,0
2021,2,A,골목상권,1000120,왕십리로6길,538,350,188,5,63,120,121,156,73,4,30,77,70,117,52,1,33,43,51,39,21
2021,2,A,골목상권,1000027,필운대로1길,202,62,140,1,23,46,59,65,8,0,3,10,22,21,6,1,20,36,37,44,2
2021,2,A,골목상권,1000380,동일로192길,429,326,103,1,32,47,88,121,140,1,18,32,50,96,129,0,14,15,38,25,11
2021,2,A,골목상권,1000962,양재대로72길,245,124,121,0,21,31,61,72,60,0,8,15,22,35,44,0,13,16,39,37,16
2021,2,A,골목상권,1000186,사가정로2길,268,177,91,1,16,26,41,32,152,0,8,22,24,20,103,1,8,4,17,12,49
2021,2,D,발달상권,1001178,서울 마포구 홍대입구역_1,1618,826,792,6,370,510,369,227,136,2,131,237,204,143,109,4,239,273,165,84,27
2021,2,A,골목상권,1000820,신림로64길,113,45,68,1,7,29,35,18,23,0,2,13,10,5,15,1,5,16,25,13,8
2021,2,A,골목상권,1000861,반포대로9길,538,288,250,5,77,99,153,127,77,4,47,61,72,63,41,1,30,38,81,64,36
2021,2,A,골목상권,1000849,남부순환로325길,1477,1061,416,6,401,451,309,152,158,2,244,339,233,108,135,4,157,112,76,44,23
2021,2,R,전통시장,1001270,창신골목시장,13,7,6,0,0,2,4,4,3,0,0,2,2,1,2,0,0,0,2,3,1
2021,2,A,골목상권,1000372,방학로6가길,167,67,100,1,23,17,41,45,40,1,10,8,15,14,19,0,13,9,26,31,21
2021,2,A,골목상권,1000362,도봉로147길,161,81,80,0,9,26,34,51,41,0,7,19,19,18,18,0,2,7,15,33,23
2021,2,A,골목상권,1000356,도당로13바길,74,35,39,0,5,12,21,18,18,0,2,7,9,7,10,0,3,5,12,11,8
2021,2,A,골목상권,1000975,동남로82길,108,64,44,0,12,28,29,18,21,0,5,14,18,11,16,0,7,14,11,7,5
2021,2,A,골목상권,1001010,풍성로37가길,128,57,71,0,20,38,31,18,21,0,6,17,12,8,14,0,14,21,19,10,7
2021,2,R,전통시장,1001480,새마을시장,208,122,86,0,35,31,56,53,33,0,17,15,37,39,14,0,18,16,19,14,19
2021,2,A,골목상권,1000865,사임당로17길,1939,1273,666,10,414,648,407,270,190,9,211,425,306,183,139,1,203,223,101,87,51
2021,2,R,전통시장,1001468,남부종합시장,85,63,22,0,2,8,25,35,15,0,1,8,16,24,14,0,1,0,9,11,1
2021,2,D,발달상권,1001012,양재 화물트럭터미널앞_1,1944,1643,301,2,511,660,400,294,77,0,367,593,358,261,64,2,144,67,42,33,13
2021,2,A,골목상권,1000915,봉은사로57길,638,409,229,6,169,206,146,74,37,5,91,140,97,51,25,1,78,66,49,23,12
2021,2,D,발달상권,1001101,선정릉역_2,3758,2684,1074,10,776,1205,853,538,376,6,330,834,718,462,334,4,446,371,135,76,42
2021,2,A,골목상권,1000881,효령로31길,2710,2198,512,43,852,1074,535,128,78,39,643,920,447,95,54,4,209,154,88,33,24
2021,2,A,골목상권,1000929,압구정로2길,1937,1352,585,5,337,640,509,345,101,2,138,450,387,288,87,3,199,190,122,57,14
2021,2,A,골목상권,1000359,도봉로109길,276,223,53,0,40,48,94,66,28,0,29,36,76,59,23,0,11,12,18,7,5
2021,2,A,골목상권,1000899,논현로159길,109,49,60,0,35,22,22,21,9,0,11,9,8,16,5,0,24,13,14,5,4
2021,2,A,골목상권,1000965,오금로46길,711,359,352,3,94,140,176,210,88,2,48,80,96,87,46,1,46,60,80,123,42
2021,2,A,골목상권,1000924,선릉로121길,2263,1243,1020,11,606,680,396,300,270,6,276,266,271,238,186,5,330,414,125,62,84
2021,2,A,골목상권,1000889,개포로17길,961,659,302,0,135,286,315,146,79,0,59,189,244,99,68,0,76,97,71,47,11
2021,2,A,골목상권,1000891,개포로28길,589,445,144,6,72,118,111,121,161,2,28,80,88,102,145,4,44,38,23,19,16
2021,2,D,발달상권,1001090,삼정역_2,1162,721,441,11,222,280,175,174,300,1,78,173,123,126,220,10,144,107,52,48,80
2021,2,R,전통시장,1001478,방이시장,3469,1526,1943,5,449,529,612,1126,748,4,159,335,346,371,311,1,290,194,266,755,437
2021,2,D,발달상권,1001129,청담사거리_2,1289,759,530,6,320,326,293,227,117,1,135,207,187,153,76,5,185,119,106,74,41
2021,2,A,골목상권,1000955,송이로23길,1850,1269,581,3,252,419,411,367,398,1,128,286,289,250,315,2,124,133,122,117,83
2021,2,A,골목상권,1000212,천호대로77길,169,111,58,0,26,28,46,41,28,0,13,18,32,26,22,0,13,10,14,15,6
2021,2,R,전통시장,1001289,용문전통시장,19,10,9,0,2,3,4,6,4,0,1,2,1,4,2,0,1,1,3,2,2
2021,2,A,골목상권,1000185,사가정로23가길,84,46,38,0,6,19,34,19,6,0,4,10,19,10,3,0,2,9,15,9,3
2021,2,R,전통시장,1001324,전곡시장,77,42,35,0,5,16,22,22,12,0,4,7,11,10,10,0,1,9,11,12,2
2021,2,A,골목상권,1000360,도봉로114길,380,143,237,2,55,89,81,91,62,0,16,27,34,37,29,2,39,62,47,54,33
2021,2,A,골목상권,1000208,천장산로7길,74,32,42,0,18,16,19,15,6,0,5,9,8,7,3,0,13,7,11,8,3
2021,2,R,전통시장,1001476,풍납시장,51,20,31,0,7,3,10,22,9,0,4,2,2,7,5,0,3,1,8,15,4
2021,2,D,발달상권,1001056,서울 송파구 가락시장역,5421,3249,2172,6,997,1596,1330,909,583,2,432,908,878,548,481,4,565,688,452,361,102
2021,2,A,골목상권,1000950,백제고분로42길,590,289,301,0,52,121,150,176,91,0,27,67,74,74,47,0,25,54,76,102,44
2021,2,A,골목상권,1001008,천호옛14길,177,93,84,2,25,23,39,34,54,1,13,12,27,17,23,1,12,11,12,17,31
2021,2,R,전통시장,1001488,성내골목시장,30,18,12,0,1,5,8,10,6,0,1,2,5,7,3,0,0,3,3,3,3
2021,2,A,골목상권,1000990,양재대로91길,358,230,128,1,50,81,101,73,52,1,32,54,60,45,38,0,18,27,41,28,14
2021,2,A,골목상권,1000995,올림픽로77길,210,114,96,2,49,39,39,54,27,0,23,22,18,35,16,2,26,17,21,19,11
2021,2,R,전통시장,1001487,천호시장,35,19,16,0,4,10,6,7,8,0,2,3,4,3,7,0,2,7,2,4,1
2021,2,A,골목상권,1000054,녹사평대로46길,43,19,24,0,3,7,14,8,11,0,0,2,6,3,8,0,3,5,8,5,3
2021,2,A,골목상권,1000057,백범로79길,899,560,339,3,106,256,270,165,99,2,45,159,182,104,68,1,61,97,88,61,31
2021,2,U,관광특구,1001491,이태원 관광특구,5839,3064,2775,28,1377,2065,1290,768,311,18,514,986,777,541,228,10,863,1079,513,227,83
2021,2,R,전통시장,1001300,화양제일골목시장,43,11,32,0,5,12,16,7,3,0,0,3,6,1,1,0,5,9,10,6,2
2021,2,A,골목상권,1000075,청파로71길,1317,727,590,1,193,334,322,264,203,0,71,146,153,183,174,1,122,188,169,81,29
2021,2,R,전통시장,1001338,돈암제일시장,97,22,75,1,20,20,25,18,13,0,0,2,7,8,5,1,20,18,18,10,8
2021,2,A,골목상권,1000334,삼양로93길,209,94,115,0,25,48,58,59,19,0,8,19,24,26,17,0,17,29,34,33,2
2021,2,D,발달상권,1001154,용산 전자상가_4,248,182,66,1,42,85,61,29,30,0,27,63,45,21,26,1,15,22,16,8,4
2021,2,D,발달상권,1001180,신촌역,4403,2012,2391,61,2189,958,459,413,323,19,924,496,198,193,182,42,1265,462,261,220,141
2021,2,A,골목상권,1000071,이태원로54길,812,552,260,6,245,319,164,41,37,6,145,233,116,27,25,0,100,86,48,14,12
2021,2,R,전통시장,1001459,신원시장,42,21,21,0,3,4,13,15,7,0,1,2,4,9,5,0,2,2,9,6,2
2021,2,A,골목상권,1000931,영동대로112길,9367,7734,1633,10,2213,3740,2287,833,284,4,1808,3118,1885,682,237,6,405,622,402,151,47
2021,2,A,골목상권,1000055,대사관로34길,606,393,213,7,104,137,112,158,88,6,67,83,74,108,55,1,37,54,38,50,33
2021,2,R,전통시장,1001267,종로신진시장,158,89,69,0,13,25,46,36,38,0,11,16,19,19,24,0,2,9,27,17,14
2021,2,D,발달상권,1001217,서울 종로구 종로5가역_1,22,9,13,0,0,4,5,6,7,0,0,0,5,0,4,0,0,4,0,6,3
2021,2,A,골목상권,1000015,이화장길,497,221,276,1,103,144,98,89,62,0,32,69,46,48,26,1,71,75,52,41,36
2021,2,A,골목상권,1000183,무학로45길,227,141,86,0,23,39,57,55,53,0,7,27,31,37,39,0,16,12,26,18,14
2021,2,A,골목상권,1000165,천호대로109길,915,504,411,0,170,188,225,188,144,0,109,113,121,89,72,0,61,75,104,99,72
2021,2,R,전통시장,1001314,경동시장,130,61,69,0,18,32,24,19,37,0,3,11,11,12,24,0,15,21,13,7,13
2021,2,D,발달상권,1001191,왕십리역_1,8,2,6,0,0,1,4,2,1,0,0,0,1,0,1,0,0,1,3,2,0
2021,2,A,골목상권,1000156,용마산로21길,396,253,143,0,34,61,105,115,81,0,15,41,60,80,57,0,19,20,45,35,24
2021,2,A,골목상권,1000097,매봉길,60,30,30,1,8,22,10,13,6,0,2,11,7,6,4,1,6,11,3,7,2
2021,2,R,전통시장,1001282,약수시장,271,105,166,2,42,47,71,59,50,2,9,9,29,24,32,0,33,38,42,35,18
2021,2,A,골목상권,1000144,뚝섬로23길,209,148,61,5,14,22,49,67,52,4,8,14,29,49,44,1,6,8,20,18,8
2021,2,A,골목상권,1000239,망우로68길,107,44,63,0,13,21,26,31,16,0,1,7,13,12,11,0,12,14,13,19,5
2021,2,R,전통시장,1001290,이촌종합시장,109,78,31,0,13,19,25,26,26,0,7,12,15,21,23,0,6,7,10,5,3
2021,2,R,전통시장,1001276,평화시장,906,614,292,3,110,289,263,165,76,0,61,164,204,128,57,3,49,125,59,37,19
2021,2,D,발달상권,1001177,서울 중구 약수역_2,210,91,119,0,38,38,48,50,36,0,7,13,21,28,22,0,31,25,27,22,14
2021,2,A,골목상권,1000104,상원길,1919,1334,585,6,327,405,312,404,465,4,234,290,208,273,325,2,93,115,104,131,140
2021,2,R,전통시장,1001288,만리시장,12,9,3,0,0,2,1,4,5,0,0,1,1,3,4,0,0,1,0,1,1
2021,2,A,골목상권,1000029,난계로21길,128,93,35,0,8,27,29,41,23,0,6,17,22,29,19,0,2,10,7,12,4
2021,2,A,골목상권,1000066,원효로41길,243,153,90,2,59,54,52,50,26,2,30,39,32,26,24,0,29,15,20,24,2
2021,2,A,골목상권,1000506,효창원로93길,243,99,144,0,40,54,49,65,35,0,15,25,23,20,16,0,25,29,26,45,19
2021,2,A,골목상권,1000111,송정12라길,94,48,46,0,12,16,26,18,22,0,3,5,12,10,18,0,9,11,14,8,4
2021,2,A,골목상권,1000122,용답중앙길,93,66,27,1,8,19,28,20,17,1,6,16,20,10,13,0,2,3,8,10,4
2021,2,A,골목상권,1000134,긴고랑로7길,460,353,107,1,26,46,86,161,140,0,11,26,56,130,130,1,15,20,30,31,10
2021,2,R,전통시장,1001301,중곡제일시장,111,68,43,0,15,21,29,24,22,0,7,14,20,10,17,0,8,7,9,14,5
2021,2,A,골목상권,1000251,봉화산로4길,58,30,28,0,11,11,17,9,10,0,6,5,10,3,6,0,5,6,7,6,4
2021,2,D,발달상권,1001160,서울 광진구 구의역,928,584,344,6,105,148,250,239,180,6,52,85,152,168,121,0,53,63,98,71,59
2021,2,A,골목상권,1000276,보문로31길,253,128,125,0,20,39,51,79,64,0,11,17,33,41,26,0,9,22,18,38,38
2021,2,A,골목상권,1000972,구천면로41길,442,228,214,1,48,119,113,117,44,1,19,57,64,61,26,0,29,62,49,56,18
2021,2,A,골목상권,1001007,천호대로219길,486,338,148,0,35,87,127,145,92,0,23,57,92,100,66,0,12,30,35,45,26
2021,2,A,골목상권,1000016,자하문로7길,214,83,131,0,23,52,68,38,33,0,8,18,23,13,21,0,15,34,45,25,12
2021,2,A,골목상권,1000981,상암로5길,271,99,172,0,39,43,66,57,66,0,6,14,29,25,25,0,33,29,37,32,41
2021,2,D,발달상권,1001157,서울 강동구 천호역_1,138,57,81,0,30,22,27,29,30,0,9,9,7,16,16,0,21,13,20,13,14
2021,2,A,골목상권,1000991,양재대로95길,602,324,278,6,56,119,122,168,131,5,30,81,75,69,64,1,26,38,47,99,67
2021,2,A,골목상권,1000994,올림픽로71길,184,101,83,3,18,51,45,42,25,2,10,23,26,24,16,1,8,28,19,18,9
2021,2,A,골목상권,1000044,퇴계로12길,180,103,77,0,26,35,37,28,54,0,11,20,24,16,32,0,15,15,13,12,22
2021,2,A,골목상권,1000037,동호로20길,2429,1304,1125,3,321,667,667,599,172,2,111,288,353,409,141,1,210,379,314,190,31
2021,2,A,골목상권,1000087,후암로28길,582,313,269,3,107,137,150,121,64,3,29,80,94,63,44,0,78,57,56,58,20
2021,2,A,골목상권,1000067,원효로53길,341,222,119,7,30,72,85,86,61,6,16,51,61,50,38,1,14,21,24,36,23
2021,2,A,골목상권,1000234,동일로139길,77,53,24,0,5,9,21,31,11,0,5,7,10,21,10,0,0,2,11,10,1
2021,2,A,골목상권,1000133,긴고랑로20길,174,98,76,0,12,32,57,43,30,0,5,18,31,23,21,0,7,14,26,20,9
2021,2,A,골목상권,1000130,광나루로37길,60,29,31,0,8,17,22,11,2,0,0,9,14,4,2,0,8,8,8,7,0
2021,2,A,골목상권,1000072,장문로45길,242,106,136,0,23,76,58,39,46,0,2,34,16,19,35,0,21,42,42,20,11
2021,2,A,골목상권,1000469,동교로27길,1172,795,377,4,193,262,253,244,216,3,73,157,165,200,197,1,120,105,88,44,19
2021,2,A,골목상권,1000018,종로58가길,137,71,66,0,28,27,35,24,23,0,3,14,19,18,17,0,25,13,16,6,6
2021,2,A,골목상권,1000694,대림로31길,454,281,173,2,42,101,119,110,80,1,22,66,69,67,56,1,20,35,50,43,24
2021,2,A,골목상권,1000797,남부순환로161길,347,223,124,1,45,78,77,90,56,1,22,50,54,55,41,0,23,28,23,35,15
2021,2,A,골목상권,1000787,국회단지길,1430,396,1034,9,229,316,339,460,77,0,41,118,114,96,27,9,188,198,225,364,50
2021,2,D,발달상권,1001166,서울 마포구 마포역_2,10151,6130,4021,11,1542,2551,2393,1998,1656,9,766,1512,1639,1200,1004,2,776,1039,754,798,652
2021,2,A,골목상권,1000221,휘경로3길,127,69,58,0,23,32,28,28,16,0,9,13,17,20,10,0,14,19,11,8,6
2021,2,D,발달상권,1001149,한남오거리,823,524,299,3,163,333,191,82,51,2,70,214,145,55,38,1,93,119,46,27,13
2021,2,D,발달상권,1001218,동대문시장_2,195,123,72,0,13,23,36,60,63,0,4,10,23,36,50,0,9,13,13,24,13
2021,2,D,발달상권,1001187,한양시장,55,30,25,0,6,10,13,13,13,0,4,6,4,9,7,0,2,4,9,4,6
2021,2,A,골목상권,1000117,왕십리로21길,164,77,87,0,34,34,27,32,37,0,11,17,11,14,24,0,23,17,16,18,13
2021,2,A,골목상권,1000166,천호대로123길,625,282,343,2,51,92,152,199,129,1,13,41,65,85,77,1,38,51,87,114,52
2021,2,A,골목상권,1000932,영동대로65길,1175,692,483,5,194,324,291,219,142,2,85,192,189,126,98,3,109,132,102,93,44
2021,2,A,골목상권,1000141,능동로4길,947,834,113,0,110,253,308,254,22,0,94,221,268,234,17,0,16,32,40,20,5
2021,2,D,발달상권,1001183,서울 마포구 홍대입구역_2,977,535,442,8,181,277,206,148,157,4,65,145,126,97,98,4,116,132,80,51,59
2021,2,D,발달상권,1001151,용산 전자상가_3,1752,1311,441,5,270,605,510,253,109,2,167,447,399,202,94,3,103,158,111,51,15
2021,2,A,골목상권,1000145,뚝섬로24길,111,66,45,0,8,12,28,22,41,0,3,5,17,10,31,0,5,7,11,12,10
2021,2,D,발달상권,1001200,북창동,5197,3160,2037,24,1010,1611,1149,767,636,2,391,936,852,543,436,22,619,675,297,224,200
2021,2,R,전통시장,1001286,후암시장,15,14,1,0,1,1,1,4,8,0,1,1,1,3,8,0,0,0,0,1,0
2021,2,D,발달상권,1001082,선릉역_2,26260,16412,9848,126,4246,8056,7407,4252,2173,12,1820,4971,5188,3102,1319,114,2426,3085,2219,1150,854
2021,2,A,골목상권,1000728,영등포로35길,340,192,148,1,27,80,71,65,96,1,15,45,46,36,49,0,12,35,25,29,47
2021,2,D,발달상권,1001204,서울 중구 을지로3가역_1,4549,2258,2291,9,524,1204,1241,954,617,1,136,510,617,589,405,8,388,694,624,365,212
2021,2,A,골목상권,1000136,긴고랑로9길,138,51,87,1,18,30,46,34,9,0,2,9,16,19,5,1,16,21,30,15,4
2021,2,A,골목상권,1000048,퇴계로8길,438,246,192,0,58,114,140,73,53,0,19,62,84,43,38,0,39,52,56,30,15
2021,2,D,발달상권,1001207,서울 중구 신당역_2,939,534,405,8,164,218,215,172,162,2,71,121,118,114,108,6,93,97,97,58,54
2021,2,A,골목상권,1000039,명동길,7830,4550,3280,27,1990,2892,1763,922,236,7,795,1677,1196,704,171,20,1195,1215,567,218,65
2021,2,A,골목상권,1000046,퇴계로46길,1098,613,485,12,198,288,308,187,105,7,95,148,154,129,80,5,103,140,154,58,25
2021,2,R,전통시장,1001281,청평화시장,120,50,70,1,18,26,31,29,15,1,9,13,5,15,7,0,9,13,26,14,8
2021,2,D,발달상권,1001176,서울 중구 약수역_1,24,6,18,0,2,3,6,4,9,0,0,0,3,0,3,0,2,3,3,4,6
2021,2,A,골목상권,1000050,녹사평대로11길,107,78,29,0,23,42,27,9,6,0,12,34,18,8,6,0,11,8,9,1,0
2021,2,A,골목상권,1000069,이촌로22길,385,307,78,0,38,71,113,138,25,0,21,48,99,124,15,0,17,23,14,14,10
2021,2,R,전통시장,1001291,이태원시장,32,20,12,0,18,3,4,6,1,0,12,1,3,3,1,0,6,2,1,3,0
2021,2,A,골목상권,1000090,금호산길,159,83,76,0,22,32,46,32,27,0,6,17,22,19,19,0,16,15,24,13,8
2021,2,A,골목상권,1000127,광나루로12길,60,19,41,0,6,9,10,25,10,0,3,3,6,3,4,0,3,6,4,22,6
2021,2,A,골목상권,1000091,둘레9길,419,255,164,0,43,96,121,97,62,0,27,48,63,69,48,0,16,48,58,28,14
2021,2,A,골목상권,1000121,용답29길,537,360,177,0,89,181,150,76,41,0,48,107,118,54,33,0,41,74,32,22,8
2021,2,A,골목상권,1000160,자양로26길,141,91,50,0,10,30,45,28,28,0,6,18,29,15,23,0,4,12,16,13,5
2021,2,A,골목상권,1000150,면목로17길,230,138,92,0,35,45,62,39,49,0,21,24,34,25,34,0,14,21,28,14,15
2021,2,D,발달상권,1001152,서울 광진구 강변역,1337,859,478,4,265,348,335,234,151,1,114,246,250,153,95,3,151,102,85,81,56
2021,2,R,전통시장,1001307,능동로골목시장,56,42,14,0,1,5,4,7,39,0,1,1,4,2,34,0,0,4,0,5,5
2021,2,R,전통시장,1001305,자양종합시장,14,10,4,0,0,1,6,6,1,0,0,1,4,4,1,0,0,0,2,2,0
2021,2,R,전통시장,1001309,조양시장,31,19,12,0,11,7,8,5,0,0,6,5,4,4,0,0,5,2,4,1,0
2021,2,A,골목상권,1000158,자양로11길,646,250,396,0,172,118,124,144,88,0,40,33,46,78,53,0,132,85,78,66,35
2021,2,A,골목상권,1000301,종암로19길,18269,9427,8842,55,1383,4740,6784,5244,63,12,579,1557,3005,4219,55,43,804,3183,3779,1025,8
2021,2,A,골목상권,1000256,용마산로100길,122,52,70,0,31,16,29,29,17,0,7,6,13,15,11,0,24,10,16,14,6
2021,2,A,골목상권,1000244,면목로48길,873,544,329,0,101,145,169,221,237,0,39,75,84,162,184,0,62,70,85,59,53
2021,2,R,전통시장,1001343,장위전통시장,40,20,20,0,5,6,7,8,14,0,0,2,5,5,8,0,5,4,2,3,6
2021,2,A,골목상권,1000291,개운사길,150,83,67,0,15,21,46,46,22,0,9,15,24,22,13,0,6,6,22,24,9
2021,2,A,골목상권,1000295,장월로1길,74,19,55,2,18,14,17,13,10,0,3,2,6,4,4,2,15,12,11,9,6
2021,2,A,골목상권,1000454,통일로37길,611,407,204,1,30,68,177,275,60,0,10,48,111,184,54,1,20,20,66,91,6
2021,2,A,골목상권,1000298,정릉로27길,75,30,45,0,8,13,22,22,10,0,1,8,8,8,5,0,7,5,14,14,5
2021,2,A,골목상권,1000700,도림로147길,334,255,79,0,24,50,87,113,60,0,17,37,62,90,49,0,7,13,25,23,11
2021,2,D,발달상권,1001229,서울 종로구 종로5가역_4,1358,810,548,3,156,480,430,197,92,0,52,247,281,156,74,3,104,233,149,41,18
2021,2,A,골목상권,1000263,돌곶이로22길,61,34,27,0,6,12,14,22,7,0,1,6,10,12,5,0,5,6,4,10,2
2021,2,R,전통시장,1001347,석관황금시장,191,157,34,0,30,36,41,72,12,0,28,26,29,62,12,0,2,10,12,10,0
2021,2,A,골목상권,1000346,한천로109길,439,280,159,5,44,64,86,156,84,4,15,37,50,107,67,1,29,27,36,49,17
2021,2,A,골목상권,1000017,종로24길,1011,716,295,2,92,196,264,245,212,1,63,130,184,177,161,1,29,66,80,68,51
2021,2,A,골목상권,1000342,오패산로67길,238,89,149,0,27,43,50,58,60,0,7,15,22,16,29,0,20,28,28,42,31
2021,2,A,골목상권,1000337,솔매로50길,442,162,280,1,62,108,152,90,29,1,14,28,49,48,22,0,48,80,103,42,7
2021,2,A,골목상권,1000232,동일로130길,130,99,31,0,6,32,44,31,17,0,2,23,35,24,15,0,4,9,9,7,2
2021,2,A,골목상권,1000238,동일로163길,112,67,45,0,9,23,28,25,27,0,1,12,24,11,19,0,8,11,4,14,8
2021,2,R,전통시장,1001335,묵1동도깨비시장,35,24,11,0,3,9,7,11,5,0,1,6,5,8,4,0,2,3,2,3,1
2021,2,D,발달상권,1001252,서울 성북구 미아삼거리역_2,322,144,178,1,42,84,83,84,28,1,12,33,37,48,13,0,30,51,46,36,15
2021,2,A,골목상권,1000306,창경궁로43길,917,434,483,17,188,284,282,98,48,8,72,126,122,66,40,9,116,158,160,32,8
2021,2,A,골목상권,1000348,한천로130길,91,69,22,0,12,25,30,17,7,0,7,23,25,11,3,0,5,2,5,6,4
2021,2,A,골목상권,1000329,삼양로24길,26,16,10,0,0,4,7,9,6,0,0,3,4,5,4,0,0,1,3,4,2
2021,2,A,골목상권,1000336,솔매로45길,65,32,33,0,4,17,14,17,13,0,2,5,6,11,8,0,2,12,8,6,5
2021,2,A,골목상권,1000325,도봉로8길,6,4,2,0,0,0,0,2,4,0,0,0,0,1,3,0,0,0,0,1,1
2021,2,A,골목상권,1000452,충정로6길,3185,1879,1306,0,221,848,1105,936,75,0,116,593,639,477,54,0,105,255,466,459,21
2021,2,D,발달상권,1001206,서대문구 서대문역_2,1486,1018,468,0,253,523,370,278,62,0,107,337,281,248,45,0,146,186,89,30,17
2021,2,A,골목상권,1000330,삼양로27길,7,4,3,0,0,1,2,1,3,0,0,1,0,0,3,0,0,0,2,1,0
2021,2,A,골목상권,1000493,양화진길,676,412,264,2,120,191,186,135,42,2,45,102,129,102,32,0,75,89,57,33,10
2021,2,R,전통시장,1001380,포방터시장,35,23,12,0,4,5,10,4,12,0,2,3,7,3,8,0,2,2,3,1,4
2021,2,A,골목상권,1000486,숭문8길,109,65,44,0,11,12,37,24,25,0,2,7,19,15,22,0,9,5,18,9,3
2021,2,A,골목상권,1000729,영등포로62길,118,85,33,0,4,32,34,27,21,0,4,23,23,18,17,0,0,9,11,9,4
2021,2,R,전통시장,1001387,서교시장,24,10,14,0,2,1,7,6,8,0,0,1,2,3,4,0,2,0,5,3,4
2021,2,A,골목상권,1000726,영등포로25길,493,363,130,2,71,108,155,91,66,2,35,82,120,65,59,0,36,26,35,26,7
2021,2,A,골목상권,1000184,사가정로13길,180,65,115,0,12,36,36,54,42,0,1,13,10,15,26,0,11,23,26,39,16
2021,2,A,골목상권,1000810,복은길,405,229,176,0,44,72,98,94,97,0,14,21,54,60,80,0,30,51,44,34,17
2021,2,A,골목상권,1000376,우이천로4다길,125,83,42,0,11,16,42,35,21,0,5,8,31,24,15,0,6,8,11,11,6
2021,2,A,골목상권,1000838,호암로20길,186,77,109,0,35,44,56,33,18,0,4,15,26,21,11,0,31,29,30,12,7
2021,2,R,전통시장,1001435,대신시장,12,9,3,0,1,0,5,2,4,0,1,0,3,2,3,0,0,0,2,0,1
2021,2,A,골목상권,1000717,신길로42길,501,270,231,0,98,103,112,128,60,0,37,57,62,72,42,0,61,46,50,56,18
2021,2,R,전통시장,1001432,도림시장,6,4,2,0,0,1,4,0,1,0,0,1,3,0,0,0,0,0,1,0,1
2021,2,A,골목상권,1000792,난곡로74길,2179,1754,425,0,360,677,754,345,43,0,175,536,674,332,37,0,185,141,80,13,6
2021,2,R,전통시장,1001462,강남골목시장,168,124,44,0,17,40,46,35,30,0,15,33,30,24,22,0,2,7,16,11,8
2021,2,R,전통시장,1001461,신림종합시장,8,7,1,0,0,0,0,2,6,0,0,0,0,1,6,0,0,0,0,1,0
2021,2,A,골목상권,1000805,대학14길,61,31,30,0,7,12,17,11,14,0,0,6,12,7,6,0,7,6,5,4,8
2021,2,A,골목상권,1000828,장군봉2길,201,115,86,0,25,43,43,50,40,0,6,18,22,35,34,0,19,25,21,15,6
2021,2,A,골목상권,1000182,무학로16길,574,441,133,8,80,156,175,110,45,2,51,134,146,75,33,6,29,22,29,35,12
2021,2,R,전통시장,1001473,청담삼익시장,48,30,18,0,5,11,13,7,12,0,3,6,8,4,9,0,2,5,5,3,3
2021,2,A,골목상권,1000937,학동로56길,2421,1533,888,6,302,458,632,781,242,3,177,282,399,477,195,3,125,176,233,304,47
2021,2,D,발달상권,1001104,삼성역_3,52277,41226,11051,128,10839,13692,14840,11637,1141,80,7221,10373,12094,10546,912,48,3618,3319,2746,1091,229
2021,2,A,골목상권,1000921,삼성로64길,2957,1473,1484,16,452,408,434,560,1087,13,263,251,209,199,538,3,189,157,225,361,549
2021,2,D,발달상권,1001262,서울 노원구 노원역_2,274,126,148,2,48,46,69,64,45,1,13,20,39,26,27,1,35,26,30,38,18
2021,2,D,발달상권,1001260,창동역,1003,570,433,0,128,204,240,203,228,0,52,94,123,119,182,0,76,110,117,84,46
2021,2,D,발달상권,1001075,역삼역_2,10137,4381,5756,18,1696,2218,2605,3046,554,7,773,1375,1316,591,319,11,923,843,1289,2455,235
2021,2,A,골목상권,1000387,한글비석로24길,180,62,118,1,24,20,48,52,35,0,6,6,20,15,15,1,18,14,28,37,20
2021,2,A,골목상권,1000013,율곡로10길,313,206,107,0,46,89,80,66,32,0,20,64,51,46,25,0,26,25,29,20,7
2021,2,A,골목상권,1000196,장한로25길,408,210,198,5,73,92,89,104,45,5,45,59,41,38,22,0,28,33,48,66,23
2021,2,D,발달상권,1001234,서울 종로구 경복궁역_1,599,413,186,4,59,113,127,128,168,0,26,73,80,96,138,4,33,40,47,32,30
2021,2,R,전통시장,1001319,청량리종합시장,13,8,5,0,1,3,2,2,5,0,1,1,2,1,3,0,0,2,0,1,2
2021,2,A,골목상권,1000385,석계로1길,605,255,350,3,65,130,179,154,74,2,28,55,71,56,43,1,37,75,108,98,31
2021,2,A,골목상권,1000386,한글비석로22길,172,92,80,1,31,35,42,42,21,0,4,17,26,30,15,1,27,18,16,12,6
2021,2,D,발달상권,1001250,서울 은평구 불광역_3,67,24,43,0,6,12,14,22,13,0,0,5,5,5,9,0,6,7,9,17,4
2021,2,R,전통시장,1001393,마포농수산물시장,77,40,37,0,2,12,24,26,13,0,1,8,12,14,5,0,1,4,12,12,8
2021,2,R,전통시장,1001383,공덕시장,3948,2001,1947,52,1323,1296,891,287,99,28,467,646,599,181,80,24,856,650,292,106,19
2021,2,A,골목상권,1000907,도산대로30길,3153,1611,1542,7,958,974,622,408,184,2,349,511,394,239,116,5,609,463,228,169,68
2021,2,D,발달상권,1001112,서울 강남구 학동역_3,3152,1780,1372,12,554,1019,808,479,280,2,232,568,488,284,206,10,322,451,320,195,74
2021,2,A,골목상권,1000259,용마산로94길,304,259,45,0,11,41,65,94,93,0,3,31,54,85,86,0,8,10,11,9,7
2021,2,A,골목상권,1000957,송이로36길,2096,1409,687,7,396,598,492,369,234,3,220,414,360,209,203,4,176,184,132,160,31
2021,2,A,골목상권,1000982,상일로5길,172,124,48,0,10,33,40,57,32,0,5,22,28,43,26,0,5,11,12,14,6
2021,2,A,골목상권,1000267,돌곶이로8길,117,75,42,0,9,16,28,31,33,0,6,10,16,19,24,0,3,6,12,12,9
2021,2,A,골목상권,1000974,동남로65길,297,202,95,1,27,45,73,101,50,1,17,22,52,69,41,0,10,23,21,32,9
2021,2,A,골목상권,1000214,한천로14길,696,440,256,2,87,134,177,185,111,2,59,89,118,108,64,0,28,45,59,77,47
2021,2,A,골목상권,1000727,영등포로27길,301,189,112,0,29,61,93,71,47,0,9,31,57,51,41,0,20,30,36,20,6
2021,2,A,골목상권,1000270,동소문로26가길,219,122,97,2,13,58,58,58,30,0,4,26,30,37,25,2,9,32,28,21,5
2021,2,A,골목상권,1000732,영신로9길,3221,1646,1575,28,548,837,791,816,201,11,218,373,430,498,116,17,330,464,361,318,85
2021,2,A,골목상권,1000392,갈현로41길,171,78,93,0,19,37,52,50,13,0,9,17,27,18,7,0,10,20,25,32,6
2021,2,A,골목상권,1000395,서오릉로21길,153,56,97,0,17,40,50,32,14,0,5,19,13,14,5,0,12,21,37,18,9
2021,2,A,골목상권,1000416,은평로8길,275,194,81,0,58,72,65,53,27,0,31,52,50,44,17,0,27,20,15,9,10
2021,2,A,골목상권,1000562,강서로47라길,207,150,57,0,15,34,58,66,34,0,11,27,38,47,27,0,4,7,20,19,7
2021,2,A,골목상권,1000419,응암로14길,99,50,49,0,23,15,27,28,6,0,6,7,12,20,5,0,17,8,15,8,1
2021,2,A,골목상권,1000425,증산로21길,237,122,115,0,36,49,60,53,39,0,16,16,36,26,28,0,20,33,24,27,11
2021,2,D,발달상권,1001033,서울 서초구 남부터미널역_1,2033,1323,710,5,305,541,557,409,216,2,128,356,375,282,180,3,177,185,182,127,36
2021,2,D,발달상권,1001039,서울 서초구 남부터미널역_2,3012,1965,1047,5,383,628,809,640,547,1,195,397,543,439,390,4,188,231,266,201,157
2021,2,R,전통시장,1001395,목3동시장,148,67,81,0,13,20,55,37,23,0,7,6,18,19,17,0,6,14,37,18,6
2021,2,A,골목상권,1000394,불광천길,192,95,97,0,15,30,49,58,40,0,8,13,27,27,20,0,7,17,22,31,20
2021,2,A,골목상권,1000551,화곡로4길,421,219,202,0,59,111,112,80,59,0,21,58,55,49,36,0,38,53,57,31,23
2021,2,R,전통시장,1001397,신영시장,40,13,27,0,3,4,13,16,4,0,2,0,3,6,2,0,1,4,10,10,2
2021,2,A,골목상권,1000715,신길로39길,56,32,24,0,4,9,19,16,8,0,0,5,11,10,6,0,4,4,8,6,2
2021,2,D,발달상권,1001122,여의도 시범아파트앞,10435,6976,3459,52,1305,2401,3558,2563,556,20,676,1603,2081,2202,394,32,629,798,1477,361,162
2021,2,A,골목상권,1000444,신촌로37길,52,25,27,0,7,7,14,12,12,0,0,4,7,8,6,0,7,3,7,4,6
2021,2,A,골목상권,1000487,숭문길,1467,1016,451,0,103,135,224,546,459,0,34,100,181,391,310,0,69,35,43,155,149
2021,2,A,골목상권,1000466,동교로17길,405,240,165,0,53,88,104,99,61,0,19,46,69,61,45,0,34,42,35,38,16
2021,2,A,골목상권,1000500,월드컵로19길,284,181,103,0,33,78,72,63,38,0,17,45,41,51,27,0,16,33,31,12,11
2021,2,A,골목상권,1000826,인헌길,115,61,54,2,17,28,38,18,12,2,4,17,18,8,12,0,13,11,20,10,0
2021,2,A,골목상권,1000730,영등포로80길,96,48,48,0,5,18,10,40,23,0,1,5,7,20,15,0,4,13,3,20,8
2021,2,A,골목상권,1000720,양평로22라길,555,299,256,0,82,126,147,125,75,0,28,77,86,58,50,0,54,49,61,67,25
2021,2,A,골목상권,1000701,도림로63길,53,41,12,0,3,11,13,16,10,0,2,8,10,12,9,0,1,3,3,4,1
2021,2,D,발달상권,1001119,영등포역_2,583,245,338,0,63,94,124,151,151,0,22,53,52,42,76,0,41,41,72,109,75
2021,2,D,발달상권,1001121,영등포역_3,121,70,51,0,9,17,30,30,35,0,3,10,19,15,23,0,6,7,11,15,12
2021,2,A,골목상권,1000813,서림7길,116,58,58,1,26,27,23,19,20,1,11,13,9,11,13,0,15,14,14,8,7
2021,2,D,발달상권,1001031,서울 관악구 신림역_1,615,316,299,4,28,56,85,160,282,1,17,38,45,60,155,3,11,18,40,100,127
2021,2,A,골목상권,1000784,관천로15길,236,149,87,1,28,49,55,60,43,1,15,31,33,39,30,0,13,18,22,21,13
2021,2,A,골목상권,1000696,대림로44길,411,289,122,1,46,91,100,99,74,0,31,64,72,74,48,1,15,27,28,25,26
2021,2,R,전통시장,1001439,대림중앙시장,42,29,13,3,10,10,11,3,5,2,8,6,8,1,4,1,2,4,3,2,1
2021,2,A,골목상권,1000829,조원로10길,397,215,182,1,38,105,82,96,75,0,12,55,50,53,45,1,26,50,32,43,30
2021,2,A,골목상권,1000807,미성5길,309,154,155,2,38,36,51,93,89,2,17,23,32,46,34,0,21,13,19,47,55
2021,2,A,골목상권,1000782,관악로28길,122,39,83,0,21,21,29,29,22,0,3,6,10,10,10,0,18,15,19,19,12
2021,2,A,골목상권,1000801,남현2길,568,398,170,0,90,149,146,121,62,0,45,104,107,91,51,0,45,45,39,30,11
2021,2,A,골목상권,1000819,신림로48길,75,49,26,0,12,16,16,21,10,0,6,11,11,14,7,0,6,5,5,7,3
2021,2,A,골목상권,1000821,신림로65길,228,175,53,0,2,3,31,27,165,0,1,1,17,17,139,0,1,2,14,10,26
2021,2,A,골목상권,1000789,난곡로24길,89,34,55,0,12,18,21,31,7,0,5,8,5,11,5,0,7,10,16,20,2
2021,2,A,골목상권,1000793,난우길,217,121,96,1,36,43,39,50,48,0,22,25,24,19,31,1,14,18,15,31,17
2021,2,D,발달상권,1001224,서울 동대문구 신설동역_1,1543,677,866,1,155,220,264,365,538,0,38,73,128,150,288,1,117,147,136,215,250
2021,2,R,전통시장,1001323,답십리시장,93,40,53,2,19,25,23,11,13,2,4,9,11,6,8,0,15,16,12,5,5
2021,2,A,골목상권,1000873,서초대로64길,829,489,340,1,114,180,229,182,123,0,46,112,137,106,88,1,68,68,92,76,35
2021,2,R,전통시장,1001388,영진시장,29,14,15,0,4,5,11,7,2,0,2,2,6,2,2,0,2,3,5,5,0
2021,2,A,골목상권,1000200,장한로27길,167,119,48,1,28,42,40,24,32,1,21,36,25,18,18,0,7,6,15,6,14
2021,2,A,골목상권,1000370,방학로15길,687,454,233,0,106,151,156,156,118,0,55,94,104,99,102,0,51,57,52,57,16
2021,2,R,전통시장,1001315,동서시장,5,3,2,0,0,0,1,2,2,0,0,0,1,0,2,0,0,0,0,2,0
2021,2,A,골목상권,1000573,곰달래로60길,221,146,75,0,22,42,50,50,57,0,16,27,26,34,43,0,6,15,24,16,14
2021,2,R,전통시장,1001474,도곡시장,57,25,32,0,3,7,15,13,19,0,1,4,4,6,10,0,2,3,11,7,9
2021,2,R,전통시장,1001327,이경시장,16,8,8,0,0,1,2,2,11,0,0,1,1,1,5,0,0,0,1,1,6
2021,2,A,골목상권,1000179,망우로18가길,114,75,39,0,9,19,30,43,13,0,7,11,17,30,10,0,2,8,13,13,3
2021,2,R,전통시장,1001421,개봉중앙시장,10,7,3,0,0,0,3,5,2,0,0,0,3,2,2,0,0,0,0,3,0
2021,2,R,전통시장,1001373,신응암시장,17,10,7,0,0,3,2,5,7,0,0,0,1,3,6,0,0,3,1,2,1
2021,2,D,발달상권,1001118,문래동 주민센터,6184,3312,2872,22,1447,1843,1639,925,308,11,558,994,994,525,230,11,889,849,645,400,78
2021,2,A,골목상권,1000755,사당로30길,514,180,334,3,172,121,96,69,53,0,29,33,35,38,45,3,143,88,61,31,8
2021,2,D,발달상권,1001182,홍익대학교 주변,8725,5062,3663,86,2052,2308,1888,1433,958,58,988,1319,1181,821,695,28,1064,989,707,612,263
2021,2,A,골목상권,1000904,도곡로37길,7206,4518,2688,86,2133,1928,1631,1061,367,31,1142,1317,1156,613,259,55,991,611,475,448,108
2021,2,A,골목상권,1000157,용마산로3길,541,431,110,0,112,154,121,81,73,0,92,115,94,62,68,0,20,39,27,19,5
2021,2,A,골목상권,1000474,만리재옛길,1190,687,503,2,343,341,267,145,92,2,216,232,119,64,54,0,127,109,148,81,38
2021,2,A,골목상권,1000845,강남대로34길,1734,1204,530,13,349,492,398,253,229,12,174,359,306,178,175,1,175,133,92,75,54
2021,2,A,골목상권,1000426,증산로5길,508,308,200,0,71,119,142,102,74,0,35,78,76,55,64,0,36,41,66,47,10
2021,2,A,골목상권,1000399,연서로11길,640,263,377,0,197,173,142,98,30,0,47,66,69,59,22,0,150,107,73,39,8
2021,2,A,골목상권,1000390,갈현로1길,66,36,30,0,4,13,16,19,14,0,2,7,7,9,11,0,2,6,9,10,3
2021,2,D,발달상권,1001249,서울 은평구 불광역_2,116,39,77,0,15,24,18,22,37,0,2,8,8,9,12,0,13,16,10,13,25
2021,2,R,전통시장,1001370,역촌중앙시장,9,3,6,0,0,1,2,2,4,0,0,0,1,1,1,0,0,1,1,1,3
2021,2,A,골목상권,1000916,봉은사로68길,1265,789,476,3,247,453,315,156,91,2,120,271,223,110,63,1,127,182,92,46,28
2021,2,R,전통시장,1001372,녹번시장,22,9,13,0,3,6,5,4,4,0,0,4,1,1,3,0,3,2,4,3,1
2021,2,A,골목상권,1000420,응암로22길,130,53,77,0,18,20,28,41,23,0,2,5,12,21,13,0,16,15,16,20,10
2021,2,A,골목상권,1000586,등촌로51길,239,137,102,0,19,43,91,56,30,0,7,21,57,30,22,0,12,22,34,26,8
2021,2,A,골목상권,1000428,증산서길,334,189,145,0,54,95,79,62,44,0,26,59,45,35,24,0,28,36,34,27,20
2021,2,R,전통시장,1001394,목2동시장,432,251,181,1,66,124,122,71,48,1,40,69,70,39,32,0,26,55,52,32,16
2021,2,A,골목상권,1000525,목동중앙로3길,157,95,62,2,15,32,37,45,26,2,4,21,26,28,14,0,11,11,11,17,12
2021,2,A,골목상권,1000604,화곡로20길,355,193,162,2,31,70,76,115,61,1,20,45,43,53,31,1,11,25,33,62,30
2021,2,A,골목상권,1000512,남부순환로33길,179,116,63,0,18,39,48,45,29,0,12,25,30,30,19,0,6,14,18,15,10
2021,2,A,골목상권,1000204,전농로3길,170,120,50,0,20,32,33,59,26,0,13,24,21,43,19,0,7,8,12,16,7
2021,2,A,골목상권,1000539,오목로5길,120,85,35,0,5,14,42,40,19,0,3,10,27,30,15,0,2,4,15,10,4
2021,2,R,전통시장,1001405,신정2동골목시장,41,13,28,0,2,10,15,11,3,0,0,3,7,1,2,0,2,7,8,10,1
2021,2,A,골목상권,1000541,은행정로7길,472,183,289,0,48,98,96,145,85,0,22,40,48,48,25,0,26,58,48,97,60
2021,2,D,발달상권,1001126,서울 양천구 신정네거리역_2,28,18,10,0,2,6,6,9,5,0,2,4,1,6,5,0,0,2,5,3,0
2021,2,A,골목상권,1000600,초록마을로3길,439,355,84,0,19,52,59,72,237,0,5,30,35,59,226,0,14,22,24,13,11
2021,2,A,골목상권,1000640,도림로12길,186,124,62,0,41,78,44,14,9,0,24,53,36,6,5,0,17,25,8,8,4
2021,2,A,골목상권,1000558,강서로35길,280,120,160,0,21,43,85,79,52,0,8,14,38,31,29,0,13,29,47,48,23
2021,2,D,발달상권,1001198,서울 강서구 송정역,335,140,195,0,38,64,82,87,64,0,10,24,31,30,45,0,28,40,51,57,19
2021,2,A,골목상권,1000556,강서로18길,676,545,131,3,90,227,163,152,41,3,67,185,131,123,36,0,23,42,32,29,5
2021,2,A,골목상권,1000612,개봉로1길,187,126,61,1,35,52,49,33,17,1,17,36,33,27,12,0,18,16,16,6,5
2021,2,A,골목상권,1000553,가로공원로80길,270,175,95,2,23,50,78,75,42,1,13,34,58,44,25,1,10,16,20,31,17
2021,2,D,발달상권,1001210,시청역_2,14646,9603,5043,66,2984,4856,4028,2143,569,29,1335,2997,3082,1688,472,37,1649,1859,946,455,97
2021,2,A,골목상권,1000643,디지털로32가길,2221,1322,899,3,425,729,552,311,201,2,218,459,354,158,131,1,207,270,198,153,70
2021,2,A,골목상권,1000884,방배중앙로21길,7153,2605,4548,7,1237,1765,2477,1306,361,1,330,590,942,590,152,6,907,1175,1535,716,209
2021,2,A,골목상권,1000514,남부순환로58길,282,179,103,1,38,60,66,78,39,0,24,38,42,48,27,1,14,22,24,30,12
2021,2,A,골목상권,1000544,중앙로36길,133,49,84,0,15,33,32,31,22,0,2,10,11,11,15,0,13,23,21,20,7
2021,2,A,골목상권,1000543,중앙로32길,145,87,58,1,28,32,35,34,15,1,17,20,19,20,10,0,11,12,16,14,5
2021,2,A,골목상권,1000928,선릉로18길,466,366,100,7,64,151,114,104,26,4,46,130,97,70,19,3,18,21,17,34,7
2021,2,A,골목상권,1000536,오목로23길,401,155,246,2,45,64,110,123,57,1,16,42,39,31,26,1,29,22,71,92,31
2021,2,A,골목상권,1000542,중앙로25길,97,61,36,0,1,9,28,37,22,0,0,5,19,29,8,0,1,4,9,8,14
2021,2,A,골목상권,1000572,곰달래로53길,130,89,41,0,8,22,40,31,29,0,6,17,18,24,24,0,2,5,22,7,5
2021,2,A,골목상권,1000601,초록마을로8길,116,68,48,0,9,25,45,19,18,0,0,16,26,13,13,0,9,9,19,6,5
2021,2,A,골목상권,1000606,화곡로44나길,625,559,66,0,14,42,87,210,272,0,6,22,71,198,262,0,8,20,16,12,10
2021,2,A,골목상권,1000588,등촌로5길,1524,514,1010,1,516,518,267,168,54,0,84,198,122,74,36,1,432,320,145,94,18
2021,2,A,골목상권,1000571,곰달래로47길,333,218,115,5,61,88,78,56,45,2,32,58,52,36,38,3,29,30,26,20,7
2021,2,A,골목상권,1000040,삼일대로4길,1571,1113,458,3,249,467,441,280,131,1,120,323,320,237,112,2,129,144,121,43,19
2021,2,D,발달상권,1001067,오류동역,2297,1736,561,4,331,427,533,665,337,3,286,344,402,448,253,1,45,83,131,217,84
2021,2,R,전통시장,1001415,방신전통시장,116,81,35,0,15,22,25,29,25,0,12,20,14,14,21,0,3,2,11,15,4
2021,2,A,골목상권,1000570,곰달래로31길,120,78,42,0,18,25,26,16,35,0,6,16,14,10,32,0,12,9,12,6,3
2021,2,A,골목상권,1000560,강서로45다길,243,178,65,0,17,27,60,65,74,0,5,21,38,50,64,0,12,6,22,15,10
2021,2,A,골목상권,1000620,경인로47길,657,264,393,0,151,142,153,155,56,0,45,47,53,77,42,0,106,95,100,78,14
2021,2,A,골목상권,1000602,초원로16길,523,369,154,1,74,66,85,150,147,1,16,26,49,138,139,0,58,40,36,12,8
2021,2,A,골목상권,1000591,양천로14길,257,143,114,0,18,54,68,73,44,0,10,29,32,40,32,0,8,25,36,33,12
2021,2,D,발달상권,1001096,신도림역,1674,907,767,13,244,428,478,337,174,7,100,217,233,208,142,6,144,211,245,129,32
2021,2,A,골목상권,1000574,공항대로38길,92,49,43,0,5,14,32,21,20,0,2,9,15,10,13,0,3,5,17,11,7
2021,2,A,골목상권,1000599,월정로20길,135,31,104,0,12,32,40,34,17,0,5,8,7,2,9,0,7,24,33,32,8
2021,2,A,골목상권,1000637,구로중앙로7길,86,42,44,0,10,15,14,19,28,0,0,3,7,8,24,0,10,12,7,11,4
2021,2,A,골목상권,1000668,범안로11길,1498,819,679,11,165,329,358,438,197,11,105,201,170,219,113,0,60,128,188,219,84
2021,2,D,발달상권,1001074,대림역_2,5179,3395,1784,6,528,1040,1232,1299,1074,5,324,854,904,715,593,1,204,186,328,584,481
2021,2,A,골목상권,1000664,독산로70길,74,31,43,0,4,7,18,22,23,0,0,4,6,9,12,0,4,3,12,13,11
2021,2,R,전통시장,1001429,은행나무시장,67,40,27,0,10,12,17,15,13,0,8,7,12,8,5,0,2,5,5,7,8
2021,2,A,골목상권,1000658,금하로24길,132,72,60,0,17,25,41,37,12,0,8,14,23,19,8,0,9,11,18,18,4
2021,2,D,발달상권,1001023,가산디지털단지역_2,25194,16241,8953,85,5050,8187,6217,3248,2407,52,2642,5394,4445,2032,1676,33,2408,2793,1772,1216,731
2021,2,D,발달상권,1001027,가산디지털단지역_3,22935,14390,8545,86,4897,7064,5668,3395,1825,58,2468,4477,3815,2148,1424,28,2429,2587,1853,1247,401
2021,2,A,골목상권,1000651,우마길,43,19,24,0,7,15,18,2,1,0,0,4,12,2,1,0,7,11,6,0,0
2021,2,A,골목상권,1000675,시흥대로153길,92,55,37,0,10,16,32,23,11,0,4,9,18,15,9,0,6,7,14,8,2
2021,2,R,전통시장,1001424,남문시장,76,47,29,0,4,5,19,22,26,0,1,2,8,12,24,0,3,3,11,10,2
2021,2,A,골목상권,1000767,성대로29길,297,143,154,0,108,92,50,35,12,0,51,53,23,11,5,0,57,39,27,24,7
2021,2,R,전통시장,1001426,대명시장,28,11,17,0,6,7,4,4,7,0,2,3,3,1,2,0,4,4,1,3,5
2021,2,D,발달상권,1001109,강남구 논현역_4,4927,2720,2207,15,1205,1491,1235,588,393,4,427,819,851,362,257,11,778,672,384,226,136
2021,2,A,골목상권,1000846,강남대로8길,1850,1231,619,4,242,449,462,399,294,2,121,304,315,272,217,2,121,145,147,127,77
2021,2,A,골목상권,1000779,흑석로9길,110,76,34,0,17,16,35,27,15,0,10,13,27,16,10,0,7,3,8,11,5
2021,2,A,골목상권,1000882,효령로34길,1015,653,362,1,167,364,200,154,129,1,87,239,141,96,89,0,80,125,59,58,40
2021,2,D,발달상권,1001105,서울 동작구 노량진역,436,252,184,0,69,158,103,53,53,0,20,86,77,30,39,0,49,72,26,23,14
2021,2,R,전통시장,1001440,노량진중앙시장,244,157,87,0,23,85,85,29,22,0,13,65,56,17,6,0,10,20,29,12,16
2021,2,D,발달상권,1001221,장안동사거리,1587,632,955,2,254,377,461,340,153,1,66,149,163,153,100,1,188,228,298,187,53
2021,2,R,전통시장,1001441,본동인정시장,59,41,18,0,6,10,12,15,16,0,4,7,9,8,13,0,2,3,3,7,3
2021,2,A,골목상권,1000850,남부순환로339길,1451,978,473,5,292,426,348,222,158,3,159,286,254,163,113,2,133,140,94,59,45
2021,2,A,골목상권,1000854,동광로1길,2565,1862,703,3,193,350,313,359,1347,2,86,185,162,207,1220,1,107,165,151,152,127
2021,2,A,골목상권,1000925,선릉로132길,1305,645,660,1,215,259,250,294,286,1,101,136,119,140,148,0,114,123,131,154,138
2021,2,A,골목상권,1000872,서초대로4길,847,478,369,4,169,223,242,137,72,1,87,128,142,59,61,3,82,95,100,78,11
2021,2,A,골목상권,1000858,방배천로4안길,959,401,558,1,262,281,181,126,108,0,63,103,96,68,71,1,199,178,85,58,37
2021,2,A,골목상권,1000860,바우뫼로39길,2648,1935,713,5,381,541,630,561,530,2,207,383,453,428,462,3,174,158,177,133,68
2021,2,D,발달상권,1001102,서울 강남구 학동역_1,1691,1037,654,2,321,563,365,237,203,1,145,329,229,171,162,1,176,234,136,66,41
2021,2,D,발달상권,1001100,강남구 논현역_3,2466,700,1766,10,848,817,480,217,94,2,114,259,183,87,55,8,734,558,297,130,39
2021,2,D,발달상권,1001120,도산공원사거리_1,4075,1954,2121,10,1021,1339,964,526,215,4,264,634,570,323,159,6,757,705,394,203,56
2021,2,A,골목상권,1000890,개포로20길,647,400,247,1,105,176,186,111,68,0,51,93,123,80,53,1,54,83,63,31,15
2021,2,A,골목상권,1000963,오금로11길,1427,884,543,1,182,343,311,338,252,0,64,220,209,197,194,1,118,123,102,141,58
2021,2,A,골목상권,1000173,답십리로60길,341,213,128,0,25,36,69,89,122,0,12,25,44,60,72,0,13,11,25,29,50
2021,2,A,골목상권,1000364,도봉로156길,93,62,31,0,10,20,26,25,12,0,6,10,16,20,10,0,4,10,10,5,2
2021,2,A,골목상권,1000961,양재대로71길,1999,1458,541,5,114,287,421,409,763,4,55,175,274,277,673,1,59,112,147,132,90
2021,2,A,골목상권,1000213,천호대로97길,878,590,288,0,70,82,103,194,429,0,54,64,76,133,263,0,16,18,27,61,166
2021,2,A,골목상권,1000218,휘경로14길,113,41,72,0,9,18,22,33,31,0,2,5,10,14,10,0,7,13,12,19,21
2021,2,A,골목상권,1000986,양재대로101길,677,313,364,1,91,119,173,143,150,1,28,61,80,61,82,0,63,58,93,82,68
2021,2,D,발달상권,1001041,서울 강남구 수서역,12418,6339,6079,23,1900,3177,3167,2346,1805,12,860,1669,1497,1232,1069,11,1040,1508,1670,1114,736
2021,2,R,전통시장,1001477,마천시장,102,70,32,0,14,21,24,27,16,0,10,15,12,17,16,0,4,6,12,10,0
2021,2,A,골목상권,1000998,올림픽로98길,257,169,88,0,28,39,36,71,83,0,17,26,24,57,45,0,11,13,12,14,38
2021,2,D,발달상권,1001080,서울 송파구 석촌역_1,168,96,72,0,16,30,55,36,31,0,6,14,29,23,24,0,10,16,26,13,7
2021,2,D,발달상권,1001110,잠실역,42527,22605,19922,93,6888,11193,12245,10909,1199,29,3231,7077,7098,4269,901,64,3657,4116,5147,6640,298
2021,2,A,골목상권,1000964,오금로36길,1133,803,330,4,170,264,343,235,117,2,96,183,257,165,100,2,74,81,86,70,17
2021,2,A,골목상권,1000959,양재대로62길,3230,2137,1093,2,95,370,418,407,1938,1,38,238,296,231,1333,1,57,132,122,176,605
2021,2,D,발달상권,1001173,서울 강동구 명일역,671,252,419,4,81,104,172,176,134,2,33,41,65,57,54,2,48,63,107,119,80
2021,2,D,발달상권,1001164,서울 마포구 마포역_1,3369,2292,1077,4,692,1065,808,510,290,1,334,728,619,403,207,3,358,337,189,107,83
2021,2,A,골목상권,1000983,성내로5길,1005,650,355,3,163,196,202,258,183,2,85,101,117,172,173,1,78,95,85,86,10
2021,2,A,골목상권,1001006,천호대로197길,239,168,71,0,26,45,43,60,65,0,22,34,32,35,45,0,4,11,11,25,20
2021,2,A,골목상권,1001000,진황도로47길,131,63,68,0,12,35,48,26,10,0,5,16,21,13,8,0,7,19,27,13,2
2021,2,A,골목상권,1001005,천호대로187길,371,200,171,2,49,94,78,87,61,1,13,48,39,50,49,1,36,46,39,37,12
2021,2,A,골목상권,1000638,구로중앙로8길,107,41,66,0,18,18,28,24,19,0,5,6,9,10,11,0,13,12,19,14,8
2021,2,A,골목상권,1000627,구로동로28길,42,18,24,0,5,2,11,19,5,0,1,0,7,8,2,0,4,2,4,11,3
2021,2,A,골목상권,1000628,구로동로38길,625,240,385,4,50,83,107,232,149,2,21,50,56,55,56,2,29,33,51,177,93
2021,2,A,골목상권,1000648,새말로18길,933,549,384,18,273,304,190,103,45,16,135,170,121,80,27,2,138,134,69,23,18
2021,2,A,골목상권,1000653,중앙로1길,960,704,256,0,80,128,157,163,432,0,49,69,89,104,393,0,31,59,68,59,39
2021,2,A,골목상권,1000635,구로중앙로34길,189,149,40,2,59,41,49,25,13,0,49,29,37,22,12,2,10,12,12,3,1
2021,2,D,발달상권,1001049,개봉동 현대아파트 인근,271,126,145,0,35,62,70,60,44,0,12,22,36,35,21,0,23,40,34,25,23
2021,2,A,골목상권,1000609,개봉로11길,181,97,84,0,33,31,36,51,30,0,8,18,17,32,22,0,25,13,19,19,8
2021,2,D,발달상권,1001026,구로디지털단지역,91,67,24,0,4,16,34,21,16,0,2,13,29,11,12,0,2,3,5,10,4
2021,2,A,골목상권,1000736,노량진로6길,307,204,103,1,32,58,78,86,52,1,18,40,44,60,41,0,14,18,34,26,11
2021,2,A,골목상권,1000172,답십리로56길,78,39,39,0,6,9,25,29,9,0,2,4,13,14,6,0,4,5,12,15,3
2021,2,A,골목상권,1000614,개봉로23가길,826,590,236,4,52,114,184,238,234,3,28,67,112,171,209,1,24,47,72,67,25
2021,2,D,발달상권,1001044,양재역_3,9025,5664,3361,25,1429,2300,2050,1750,1471,5,710,1447,1476,1051,975,20,719,853,574,699,496
2021,2,D,발달상권,1001063,교대역_4,6267,3940,2327,42,1100,1637,1618,1162,708,17,510,1007,1128,745,533,25,590,630,490,417,175
2021,2,A,골목상권,1000677,시흥대로36길,288,173,115,0,24,78,75,87,24,0,12,42,38,61,20,0,12,36,37,26,4
2021,2,A,골목상권,1000744,등용로14길,409,134,275,1,33,43,103,171,58,0,9,21,39,28,37,1,24,22,64,143,21
2021,2,A,골목상권,1000759,상도로47길,601,288,313,0,68,157,154,147,75,0,23,89,75,62,39,0,45,68,79,85,36
2021,2,R,전통시장,1001442,신노량진시장,11,3,8,0,0,3,3,5,0,0,0,0,1,2,0,0,0,3,2,3,0
2021,2,A,골목상권,1000866,사평대로22길,1697,1052,645,8,312,482,394,276,225,3,135,310,268,183,153,5,177,172,126,93,72
2021,2,A,골목상권,1000752,사당로26길,321,199,122,2,20,44,96,120,39,1,3,30,61,70,34,1,17,14,35,50,5
2021,2,A,골목상권,1000751,사당로23나길,36,21,15,0,3,7,11,12,3,0,3,4,6,5,3,0,0,3,5,7,0
2021,2,D,발달상권,1001113,서울 동작구 노량진1동_1,40,25,15,0,1,6,10,8,15,0,0,4,7,3,11,0,1,2,3,5,4
2021,2,A,골목상권,1000745,만양로14길,47,29,18,0,6,11,10,10,10,0,1,8,7,7,6,0,5,3,3,3,4
2021,2,A,골목상권,1000740,동작대로29길,224,49,175,5,24,36,38,73,48,2,8,15,10,7,7,3,16,21,28,66,41
2021,2,A,골목상권,1000885,서초중앙로8길,21671,11288,10383,22,4691,4980,3921,7112,945,5,1405,2288,1748,5131,711,17,3286,2692,2173,1981,234
2021,2,A,골목상권,1000877,주흥15길,834,539,295,1,122,201,180,150,180,1,63,121,122,98,134,0,59,80,58,52,46
2021,2,A,골목상권,1000864,방배로42길,861,707,154,5,77,112,329,277,61,4,41,69,302,246,45,1,36,43,27,31,16
2021,2,A,골목상권,1000898,논현로139길,3565,2123,1442,16,934,1220,865,367,163,0,408,737,592,270,116,16,526,483,273,97,47
2021,2,A,골목상권,1000888,강남대로140길,1433,810,623,0,220,350,332,298,233,0,73,178,196,184,179,0,147,172,136,114,54
2021,2,A,골목상권,1000914,봉은사로43길,2978,1692,1286,9,471,852,885,497,264,5,203,497,481,299,207,4,268,355,404,198,57
2021,2,A,골목상권,1000951,백제고분로45길,1349,869,480,4,198,345,419,246,137,1,104,226,275,166,97,3,94,119,144,80,40
2021,2,A,골목상권,1000492,양화로1길,544,248,296,0,67,88,131,157,101,0,32,40,68,75,33,0,35,48,63,82,68
2021,2,A,골목상권,1000692,대림로22길,190,98,92,0,18,21,43,55,53,0,8,9,23,26,32,0,10,12,20,29,21
2021,2,A,골목상권,1000799,남부순환로234길,126,81,45,0,14,33,33,26,20,0,8,23,21,13,16,0,6,10,12,13,4
2021,2,A,골목상권,1000795,남부순환로142길,418,252,166,1,29,55,141,130,62,1,21,36,88,62,44,0,8,19,53,68,18
2021,2,D,발달상권,1001220,서울 종로구 동대문역_2,748,244,504,1,57,140,273,161,116,0,19,39,54,54,78,1,38,101,219,107,38
2021,2,A,골목상권,1000358,도당로29길,518,292,226,3,112,135,145,95,28,3,61,94,68,45,21,0,51,41,77,50,7
2021,2,A,골목상권,1000195,장한로14길,179,98,81,0,26,51,43,33,26,0,11,24,24,18,21,0,15,27,19,15,5
2021,2,A,골목상권,1000022,창신2길,56,26,30,0,0,12,19,13,12,0,0,5,7,6,8,0,0,7,12,7,4
2021,2,A,골목상권,1000352,노해로60길,136,85,51,0,16,13,35,42,30,0,9,7,18,24,27,0,7,6,17,18,3
2021,2,D,발달상권,1001107,방이동 먹자골목,6881,4444,2437,11,1013,2105,1837,1207,708,5,559,1292,1295,854,439,6,454,813,542,353,269
2021,2,A,골목상권,1000373,삼양로144길,50,24,26,0,0,4,18,16,12,0,0,2,9,7,6,0,0,2,9,9,6
2021,2,D,발달상권,1001159,서울 강동구 천호역,259,93,166,1,34,63,54,67,40,0,5,14,28,25,21,1,29,49,26,42,19
2021,2,A,골목상권,1000375,우이천로32길,206,83,123,0,34,28,64,48,32,0,10,7,27,17,22,0,24,21,37,31,10
2021,2,A,골목상권,1000944,백제고분로22길,1371,955,416,0,185,408,385,246,147,0,102,292,280,167,114,0,83,116,105,79,33
2021,2,A,골목상권,1000960,양재대로64길,1212,705,507,4,120,281,322,334,151,1,60,186,205,162,91,3,60,95,117,172,60
2021,2,D,발달상권,1001036,문정역,88,52,36,0,14,14,28,22,10,0,5,9,18,13,7,0,9,5,10,9,3
2021,2,D,발달상권,1001163,서울 강동구 천호역_2,1208,565,643,5,142,222,290,254,295,2,49,96,115,106,197,3,93,126,175,148,98
2021,2,D,발달상권,1001137,서울 강동구 둔촌동역,250,102,148,0,25,44,39,43,99,0,2,13,14,17,56,0,23,31,25,26,43
2021,2,A,골목상권,1000080,한강대로52길,8713,2847,5866,57,2665,3036,2078,653,224,26,938,1015,544,215,109,31,1727,2021,1534,438,115
2021,2,A,골목상권,1000065,원효로19길,609,435,174,5,69,152,173,124,86,1,33,108,124,99,70,4,36,44,49,25,16
2021,2,A,골목상권,1000074,청파로47나길,259,176,83,0,32,55,68,56,48,0,15,38,54,36,33,0,17,17,14,20,15
2021,2,A,골목상권,1000053,녹사평대로40나길,46,21,25,2,6,12,12,11,3,2,5,5,3,5,1,0,1,7,9,6,2
2021,2,A,골목상권,1000062,우사단로10길,570,508,62,1,64,165,163,156,21,0,41,143,156,151,17,1,23,22,7,5,4
2021,2,A,골목상권,1000148,뚝섬로58길,278,141,137,0,39,45,67,72,55,0,14,27,32,29,39,0,25,18,35,43,16
2021,2,R,전통시장,1001340,정릉시장,131,72,59,0,4,16,38,46,27,0,2,9,23,22,16,0,2,7,15,24,11
2021,2,A,골목상권,1000322,도봉로45길,112,54,58,0,7,17,25,34,29,0,4,7,9,16,18,0,3,10,16,18,11
2021,2,A,골목상권,1000457,홍제내길,565,201,364,1,59,87,134,169,115,1,19,39,59,43,40,0,40,48,75,126,75
2021,2,A,골목상권,1000449,증가로23나길,902,441,461,2,115,239,201,155,190,2,28,110,125,68,108,0,87,129,76,87,82
2021,2,A,골목상권,1000477,매봉산로2길,806,601,205,1,89,201,277,186,52,0,49,149,223,142,38,1,40,52,54,44,14
2021,2,R,전통시장,1001430,영등포전통시장,2127,1061,1066,15,396,643,568,341,164,0,131,268,317,230,115,15,265,375,251,111,49
2021,2,A,골목상권,1000830,조원로18길,179,92,87,3,24,33,52,48,19,1,6,19,27,26,13,2,18,14,25,22,6
2021,2,A,골목상권,1000788,낙성대역길,431,230,201,1,84,110,110,97,29,1,40,56,59,54,20,0,44,54,51,43,9
2021,2,A,골목상권,1000814,승방길,251,141,110,0,39,60,56,48,48,0,15,38,25,31,32,0,24,22,31,17,16
2021,2,A,골목상권,1000070,이태원로27길,567,430,137,1,86,123,136,165,56,1,40,79,114,149,47,0,46,44,22,16,9
2021,2,A,골목상권,1000710,선유로55길,416,273,143,3,71,86,114,91,51,3,41,53,76,63,37,0,30,33,38,28,14
2021,2,A,골목상권,1000100,무학봉28길,143,69,74,0,20,39,33,37,14,0,5,17,17,21,9,0,15,22,16,16,5
2021,2,A,골목상권,1000124,청계천로10나길,4951,3728,1223,29,338,805,1117,1783,879,26,215,591,896,1330,670,3,123,214,221,453,209
2021,2,A,골목상권,1000094,마장로39길,443,258,185,1,49,83,113,115,82,1,32,54,63,61,47,0,17,29,50,54,35
2021,2,A,골목상권,1000685,경인로80길,1007,706,301,2,86,149,234,215,321,1,42,89,158,154,262,1,44,60,76,61,59
2021,2,A,골목상권,1000058,백범로90길,535,288,247,0,62,133,161,112,67,0,28,71,89,57,43,0,34,62,72,55,24
2021,2,D,발달상권,1001150,서울 용산구 이태원역,452,292,160,8,82,98,96,82,86,6,51,63,56,54,62,2,31,35,40,28,24
2021,2,A,골목상권,1000139,능동로34길,1018,676,342,3,162,214,218,210,211,0,85,145,144,139,163,3,77,69,74,71,48
2021,2,A,골목상권,1000135,긴고랑로8길,947,573,374,0,167,301,198,155,126,0,68,162,131,105,107,0,99,139,67,50,19
2021,2,A,골목상권,1000226,공릉로2길,148,69,79,0,7,25,40,48,28,0,5,10,13,18,23,0,2,15,27,30,5
2021,2,A,골목상권,1000227,답십리로75길,57,33,24,0,9,8,18,14,8,0,1,3,11,10,8,0,8,5,7,4,0
2021,2,A,골목상권,1000064,우사단로4길,308,143,165,0,72,52,54,83,47,0,11,31,32,42,27,0,61,21,22,41,20
2021,2,D,발달상권,1001196,시청역_1,24904,15705,9199,74,4236,8557,7434,3643,960,13,1766,4682,5429,3121,694,61,2470,3875,2005,522,266
2021,2,A,골목상권,1000243,면목로45길,454,364,90,2,39,85,147,138,43,2,24,56,117,124,41,0,15,29,30,14,2
2021,2,A,골목상권,1000338,솔샘로65길,284,66,218,1,32,59,84,72,36,0,0,8,19,17,22,1,32,51,65,55,14
2021,2,A,골목상권,1000079,한강대로43길,1841,1074,767,5,286,556,516,295,183,4,118,312,332,176,132,1,168,244,184,119,51
2021,2,A,골목상권,1000319,덕릉로41길,185,105,80,0,9,15,33,43,85,0,3,10,16,20,56,0,6,5,17,23,29
2021,2,A,골목상권,1000078,한강대로15길,774,417,357,2,166,273,182,92,59,2,54,127,119,69,46,0,112,146,63,23,13
2021,2,A,골목상권,1000467,동교로19길,1207,739,468,0,219,307,271,243,167,0,84,173,208,157,117,0,135,134,63,86,50
2021,2,A,골목상권,1000705,도신로60길,124,51,73,0,13,18,16,43,34,0,4,11,5,24,7,0,9,7,11,19,27
2021,2,D,발달상권,1001228,서울 종로구 종로5가역_3,1766,1160,606,3,251,446,420,379,267,1,117,261,264,299,218,2,134,185,156,80,49
2021,2,R,전통시장,1001264,통인시장,59,29,30,0,4,14,11,12,18,0,2,4,6,6,11,0,2,10,5,6,7
2021,2,A,골목상권,1000703,도신로15길,437,238,199,3,39,85,98,104,108,3,17,42,53,59,64,0,22,43,45,45,44
2021,2,A,골목상권,1000796,남부순환로151길,788,369,419,0,167,287,164,110,60,0,49,139,97,48,36,0,118,148,67,62,24
2021,2,A,골목상권,1000378,공릉로58길,129,61,68,0,3,15,32,51,28,0,2,10,14,23,12,0,1,5,18,28,16
2021,2,A,골목상권,1000101,무학봉길,22,11,11,0,2,3,3,8,6,0,0,1,1,5,4,0,2,2,2,3,2
2021,2,A,골목상권,1000277,보문로32길,267,128,139,0,26,65,64,66,46,0,6,34,34,32,22,0,20,31,30,34,24
2021,2,D,발달상권,1001232,서울 종로구 종로3가역_2,1823,948,875,4,380,555,344,286,254,4,161,301,167,149,166,0,219,254,177,137,88
2021,2,A,골목상권,1000806,대학길,80,45,35,0,11,20,19,21,9,0,5,13,9,15,3,0,6,7,10,6,6
2021,2,U,관광특구,1001493,동대문패션타운 관광특구,6054,2958,3096,36,1434,1695,1160,1061,668,13,543,737,662,600,403,23,891,958,498,461,265
2021,2,A,골목상권,1000041,장충단로8길,3778,1997,1781,18,690,903,1066,949,152,3,282,613,568,435,96,15,408,290,498,514,56
2021,2,A,골목상권,1000036,동호로15길,1161,835,326,6,228,448,321,118,40,1,134,338,252,80,30,5,94,110,69,38,10
2021,2,A,골목상권,1000076,청파로73길,248,128,120,1,40,63,61,45,38,0,11,26,27,29,35,1,29,37,34,16,3
2021,2,D,발달상권,1001230,인사동,26072,14829,11243,1264,8971,6611,4868,3002,1356,589,4272,3742,3219,2172,835,675,4699,2869,1649,830,521
2021,2,A,골목상권,1000052,녹사평대로32길,56,31,25,1,9,12,15,10,9,1,6,7,5,5,7,0,3,5,10,5,2
2021,2,D,발달상권,1001146,용산구청,1526,755,771,1,159,437,404,431,94,1,43,141,195,298,77,0,116,296,209,133,17
2021,2,A,골목상권,1000138,능동로19길,133,77,56,0,45,24,25,24,15,0,19,18,13,15,12,0,26,6,12,9,3
2021,2,A,골목상권,1000128,광나루로24길,25,12,13,0,5,8,7,2,3,0,1,3,5,1,2,0,4,5,2,1,1
2021,2,A,골목상권,1000107,성덕정길,227,152,75,0,22,22,61,94,28,0,13,16,41,62,20,0,9,6,20,32,8
2021,2,R,전통시장,1001296,금남시장,36,13,23,0,6,7,8,4,11,0,1,0,5,2,5,0,5,7,3,2,6
2021,2,A,골목상권,1000126,한림말길,355,174,181,1,79,77,101,69,28,0,37,44,55,23,15,1,42,33,46,46,13
2021,2,R,전통시장,1001299,한아름시장,40,29,11,0,5,6,6,10,13,0,4,4,5,6,10,0,1,2,1,4,3
2021,2,A,골목상권,1000228,동일로100길,328,240,88,0,41,42,51,96,98,0,17,25,28,79,91,0,24,17,23,17,7
2021,2,A,골목상권,1000159,자양로15길,106,45,61,0,9,20,32,21,24,0,1,12,11,10,11,0,8,8,21,11,13
2021,2,A,골목상권,1000247,면목로56길,91,53,38,0,10,14,30,21,16,0,6,5,19,11,12,0,4,9,11,10,4
2021,2,A,골목상권,1000246,면목로55길,473,306,167,0,41,145,169,86,32,0,19,93,110,63,21,0,22,52,59,23,11
2021,2,R,전통시장,1001334,태능시장,81,34,47,2,15,9,24,15,16,1,2,4,6,9,12,1,13,5,18,6,4
2021,2,R,전통시장,1001353,수유전통시장,231,55,176,1,36,34,35,68,57,0,1,7,13,12,22,1,35,27,22,56,35
2021,2,A,골목상권,1000443,수색로8길,1090,905,185,0,25,53,78,156,778,0,4,29,35,99,738,0,21,24,43,57,40
2021,2,A,골목상권,1000344,인수봉로72길,54,18,36,0,7,6,20,12,9,0,1,3,4,5,5,0,6,3,16,7,4
2021,2,A,골목상권,1000282,성북로8길,143,88,55,0,20,34,36,27,26,0,11,16,24,16,21,0,9,18,12,11,5
2021,2,A,골목상권,1000272,동소문로6길,62,28,34,0,8,14,14,13,13,0,0,4,10,5,9,0,8,10,4,8,4
2021,2,A,골목상권,1000300,종암로16길,140,61,79,0,17,25,35,32,31,0,5,17,12,16,11,0,12,8,23,16,20
2021,2,A,골목상권,1000340,오패산로30길,13,5,8,0,1,2,3,6,1,0,1,0,1,3,0,0,0,2,2,3,1
2021,2,R,전통시장,1001352,번동북부골목시장,50,25,25,0,17,5,11,8,9,0,3,3,6,8,5,0,14,2,5,0,4
2021,2,A,골목상권,1000327,삼각산로28길,70,33,37,0,5,13,19,19,14,0,0,6,8,12,7,0,5,7,11,7,7
2021,2,A,골목상권,1000351,한천로140길,36,25,11,0,1,9,8,5,13,0,0,6,6,4,9,0,1,3,2,1,4
2021,2,A,골목상권,1000441,세무서2길,186,77,109,0,25,34,44,47,36,0,4,20,18,22,13,0,21,14,26,25,23
2021,2,A,골목상권,1000448,증가로20가길,336,99,237,0,39,85,98,72,42,0,4,20,19,27,29,0,35,65,79,45,13
2021,2,A,골목상권,1000331,삼양로41길,338,275,63,1,17,31,57,103,129,1,9,11,41,94,119,0,8,20,16,9,10
2021,2,A,골목상권,1000320,도봉로13길,13,8,5,0,1,0,2,6,4,0,1,0,1,4,2,0,0,0,1,2,2
2021,2,A,골목상권,1000503,월드컵로7길,759,308,451,1,135,276,207,114,26,0,39,95,104,51,19,1,96,181,103,63,7
2021,2,A,골목상권,1000491,양화로11길,2761,1012,1749,6,608,1181,713,206,47,3,155,424,267,130,33,3,453,757,446,76,14
2021,2,A,골목상권,1000471,마포대로12길,78,39,39,1,4,14,22,23,14,0,2,6,11,12,8,1,2,8,11,11,6
2021,2,R,전통시장,1001391,망원월드컵시장,190,123,67,1,26,69,53,25,16,1,14,43,35,16,14,0,12,26,18,9,2
2021,2,A,골목상권,1000707,디지털로37길,172,55,117,0,15,32,46,43,36,0,2,12,18,12,11,0,13,20,28,31,25
2021,2,A,골목상권,1000697,대림로7길,49,23,26,0,3,3,7,11,25,0,2,1,4,7,9,0,1,2,3,4,16
2021,2,D,발달상권,1001213,종각역 젊음의 거리,13040,3576,9464,48,2566,4337,4204,1653,232,13,802,1471,897,264,129,35,1764,2866,3307,1389,103
2021,2,A,골목상권,1000435,가재울로6길,168,108,60,0,17,16,39,61,35,0,12,9,22,39,26,0,5,7,17,22,9
2021,2,A,골목상권,1000484,성산로4길,855,546,309,4,168,199,217,195,72,2,93,126,125,145,55,2,75,73,92,50,17
2021,2,A,골목상권,1000473,마포대로4길,674,365,309,0,97,182,197,143,55,0,28,83,120,94,40,0,69,99,77,49,15
2021,2,A,골목상권,1000488,신촌로12길,197,95,102,2,20,37,52,50,36,1,7,22,26,17,22,1,13,15,26,33,14
2021,2,D,발달상권,1001051,보라매공원,2417,1455,962,6,401,736,707,383,184,4,194,433,450,237,137,2,207,303,257,146,47
2021,2,R,전통시장,1001268,충신시장,77,40,37,0,19,17,15,15,11,0,7,11,6,7,9,0,12,6,9,8,2
2021,2,R,전통시장,1001392,동진시장,10,6,4,0,1,1,4,3,1,0,1,1,1,2,1,0,0,0,3,1,0
2021,2,D,발달상권,1001170,공덕역,2092,1198,894,4,366,628,544,439,111,2,105,315,337,351,88,2,261,313,207,88,23
2021,2,A,골목상권,1000123,장터길,90,46,44,0,9,26,19,22,14,0,0,14,7,15,10,0,9,12,12,7,4
2021,2,A,골목상권,1000108,성수이로18길,2988,1968,1020,18,484,709,765,637,375,17,260,480,515,431,265,1,224,229,250,206,110
2021,2,A,골목상권,1000092,뚝섬로5길,2136,1426,710,9,426,739,521,290,151,5,222,511,368,198,122,4,204,228,153,92,29
2021,2,A,골목상권,1000353,노해로63다길,43,19,24,0,5,6,9,16,7,0,0,1,5,7,6,0,5,5,4,9,1
2021,2,A,골목상권,1000164,자양번영로3길,587,462,125,0,28,54,167,231,107,0,16,35,132,192,87,0,12,19,35,39,20
2021,2,D,발달상권,1001227,종로구청,20709,10947,9762,13,2292,6864,7103,3437,1000,5,738,2911,4125,2505,663,8,1554,3953,2978,932,337
2021,2,A,골목상권,1000142,동일로18길,79,54,25,0,3,17,28,24,7,0,2,8,19,19,6,0,1,9,9,5,1
2021,2,A,골목상권,1000088,고산자로6길,704,495,209,1,92,189,204,129,89,0,63,119,143,94,76,1,29,70,61,35,13
2021,2,D,발달상권,1001233,서울 종로구 종로3가역_3,2136,1442,694,10,380,643,602,363,138,3,183,437,467,254,98,7,197,206,135,109,40
2021,2,A,골목상권,1000187,서울시립대로16길,42,14,28,0,4,12,6,12,8,0,2,6,2,3,1,0,2,6,4,9,7
2021,2,D,발달상권,1001209,서울시청,9257,4890,4367,11,2138,2836,2456,1273,543,3,774,1391,1483,854,385,8,1364,1445,973,419,158
2021,2,D,발달상권,1001189,서울 중구 명동역,3595,1952,1643,8,546,1084,980,656,321,5,233,628,546,375,165,3,313,456,434,281,156
2021,2,D,발달상권,1001211,동대문시장_1,1663,493,1170,0,424,687,250,238,64,0,78,200,109,70,36,0,346,487,141,168,28
2021,2,D,발달상권,1001143,서울 용산구 신용산역,979,675,304,1,135,259,255,238,91,1,68,168,196,167,75,0,67,91,59,71,16
2021,2,A,골목상권,1000115,아차산로5길,1871,1041,830,5,260,467,477,335,327,4,128,268,296,184,161,1,132,199,181,151,166
2021,2,A,골목상권,1000143,동일로24길,42,32,10,0,2,3,18,10,9,0,1,0,18,8,5,0,1,3,0,2,4
2021,2,A,골목상권,1000147,뚝섬로54길,948,798,150,9,327,243,206,105,58,7,289,216,161,78,47,2,38,27,45,27,11
2021,2,A,골목상권,1000233,동일로139가길,187,81,106,1,26,31,50,48,31,1,7,10,22,20,21,0,19,21,28,28,10
2021,2,A,골목상권,1000152,아차산로51길,432,110,322,1,52,89,175,86,29,1,11,11,38,33,16,0,41,78,137,53,13
2021,2,R,전통시장,1001303,신성골목시장,19,6,13,0,2,5,7,4,1,0,0,1,2,2,1,0,2,4,5,2,0
2021,2,A,골목상권,1000132,광나루로52길,649,395,254,1,113,132,124,103,176,0,62,97,94,52,90,1,51,35,30,51,86
2021,2,A,골목상권,1000146,뚝섬로48길,228,134,94,2,32,58,61,52,23,2,20,31,36,28,17,0,12,27,25,24,6
2021,2,R,전통시장,1001329,동부골목시장,179,59,120,1,20,41,38,44,35,0,1,8,7,22,21,1,19,33,31,22,14
2021,2,A,골목상권,1000313,화랑로32길,395,292,103,3,53,133,115,66,25,0,20,105,91,53,23,3,33,28,24,13,2
2021,2,R,전통시장,1001356,수유중앙시장,13,8,5,0,0,2,1,1,9,0,0,1,1,0,6,0,0,1,0,1,3
2021,2,D,발달상권,1001165,서울 광진구 건대입구역_2,529,268,261,5,120,99,97,96,112,2,32,39,53,63,79,3,88,60,44,33,33
2021,2,A,골목상권,1000257,용마산로112길,114,69,45,0,14,22,23,29,26,0,8,11,13,20,17,0,6,11,10,9,9
2021,2,A,골목상권,1000224,겸재로54길,131,79,52,0,12,22,35,32,30,0,9,18,15,19,18,0,3,4,20,13,12
2021,2,A,골목상권,1000236,동일로149길,870,749,121,0,174,268,189,223,16,0,134,228,162,211,14,0,40,40,27,12,2
2021,2,A,골목상권,1000245,면목로49길,109,67,42,3,14,23,28,27,14,0,5,17,15,20,10,3,9,6,13,7,4
2021,2,A,골목상권,1000289,인촌로17가길,90,48,42,0,17,21,21,26,5,0,4,13,11,16,4,0,13,8,10,10,1
2021,2,A,골목상권,1000923,삼성로75길,1814,1262,552,8,320,479,441,343,223,5,160,325,335,253,184,3,160,154,106,90,39
2021,2,A,골목상권,1000290,인촌로1길,127,78,49,0,15,45,34,22,11,0,5,29,24,13,7,0,10,16,10,9,4
2021,2,R,전통시장,1001351,솔샘시장,73,30,43,1,7,19,25,18,3,0,3,4,12,8,3,1,4,15,13,10,0
2021,2,A,골목상권,1000311,화랑로19길,43,19,24,0,2,8,16,11,6,0,1,3,7,4,4,0,1,5,9,7,2
2021,2,A,골목상권,1000297,정릉로26길,214,103,111,0,31,50,73,45,15,0,16,33,32,15,7,0,15,17,41,30,8
2021,2,A,골목상권,1000719,양평로19길,748,436,312,0,120,147,190,201,90,0,57,86,114,115,64,0,63,61,76,86,26
2021,2,A,골목상권,1000309,화랑로13길,267,95,172,0,37,41,51,78,60,0,14,23,22,20,16,0,23,18,29,58,44
2021,2,D,발달상권,1001251,서울 강북구 미아삼거리역_1,140,86,54,0,25,28,28,31,28,0,10,16,20,18,22,0,15,12,8,13,6
2021,2,R,전통시장,1001379,인왕시장,44,7,37,0,1,1,8,7,27,0,0,0,1,3,3,0,1,1,7,4,24
2021,2,D,발달상권,1001240,혜화역 대학로_1,1230,573,657,8,203,350,256,165,248,4,56,110,120,96,187,4,147,240,136,69,61
2021,2,D,발달상권,1001257,서울 강북구 수유역_2,2284,1108,1176,9,237,589,586,598,265,8,75,219,262,390,154,1,162,370,324,208,111
2021,2,A,골목상권,1000683,가마산로61길,47,35,12,0,3,6,13,11,14,0,2,4,10,9,10,0,1,2,3,2,4
2021,2,A,골목상권,1000476,망원로2길,282,190,92,0,31,67,82,72,30,0,21,50,50,46,23,0,10,17,32,26,7
2021,2,A,골목상권,1000505,토정로37길,431,166,265,0,46,64,72,71,178,0,14,31,30,25,66,0,32,33,42,46,112
2021,2,A,골목상권,1000439,북아현로4길,350,225,125,0,48,47,49,88,118,0,19,24,22,66,94,0,29,23,27,22,24
2021,2,A,골목상권,1000702,도림천로21길,236,157,79,0,17,24,33,49,113,0,12,14,21,25,85,0,5,10,12,24,28
2021,2,A,골목상권,1000450,증가로6길,326,277,49,1,11,18,52,140,104,1,6,10,38,123,99,0,5,8,14,17,5
2021,2,R,전통시장,1001381,모래내시장,14,9,5,0,0,0,4,4,6,0,0,0,2,2,5,0,0,0,2,2,1
2021,2,A,골목상권,1000465,독막로8길,441,274,167,4,67,106,116,91,57,3,36,55,75,63,42,1,31,51,41,28,15
2021,2,A,골목상권,1000478,모래내로7길,91,63,28,0,5,10,23,30,23,0,4,5,15,17,22,0,1,5,8,13,1
2021,2,A,골목상권,1000689,당산로37길,2439,1483,956,19,663,502,399,447,409,12,375,310,253,283,250,7,288,192,146,164,159
2021,2,A,골목상권,1000461,도화4길,825,292,533,3,106,132,200,241,143,2,72,69,43,36,70,1,34,63,157,205,73
2021,2,A,골목상권,1000713,선유서로28길,208,110,98,0,28,36,49,53,42,0,11,21,25,29,24,0,17,15,24,24,18
2021,2,A,골목상권,1000843,소담길,14,4,10,0,0,1,4,3,6,0,0,0,0,0,4,0,0,1,4,3,2
2021,2,A,골목상권,1000706,도신로62길,227,173,54,0,48,85,58,21,15,0,28,73,49,14,9,0,20,12,9,7,6
2021,2,A,골목상권,1000724,여의대방로43나길,859,661,198,0,58,109,162,325,205,0,36,78,120,260,167,0,22,31,42,65,38
2021,2,A,골목상권,1000693,대림로29길,964,624,340,2,59,121,217,295,270,0,34,72,127,194,197,2,25,49,90,101,73
2021,2,A,골목상권,1000783,관악로30길,140,51,89,2,37,32,31,26,12,2,17,10,9,9,4,0,20,22,22,17,8
2021,2,A,골목상권,1000823,신원로3길,180,103,77,0,14,42,50,46,28,0,6,24,27,29,17,0,8,18,23,17,11
2021,2,A,골목상권,1000798,남부순환로172길,450,316,134,1,64,125,78,98,84,1,45,94,55,63,58,0,19,31,23,35,26
2021,2,R,전통시장,1001455,봉일시장,44,23,21,1,1,4,6,15,17,0,0,1,5,3,14,1,1,3,1,12,3
2021,2,A,골목상권,1000812,봉천로33길,211,131,80,0,34,49,60,38,30,0,15,23,38,31,24,0,19,26,22,7,6
2021,2,R,전통시장,1001467,우림시장,1,0,1,0,0,0,1,0,0,0,0,0,0,0,0,0,0,0,1,0,0
2021,2,A,골목상권,1000842,원신길,22,11,11,2,2,5,3,5,5,0,1,4,0,2,4,2,1,1,3,3,1
2021,2,A,골목상권,1000170,난계로30길,4980,2233,2747,6,308,1206,1793,1441,226,1,159,768,738,451,116,5,149,438,1055,990,110
2021,2,D,발달상권,1001068,은마아파트입구사거리_2,15650,5160,10490,195,3168,3396,2797,3742,2352,80,1184,1720,1200,668,308,115,1984,1676,1597,3074,2044
2021,2,D,발달상권,1001071,서울 강남구 한티역,673,371,302,2,113,176,164,137,81,1,41,85,104,86,54,1,72,91,60,51,27
2021,2,A,골목상권,1000895,논현로10길,454,271,183,1,89,133,103,93,35,0,28,81,74,63,25,1,61,52,29,30,10
2021,2,D,발달상권,1001019,포이사거리_1,192,141,51,1,18,37,48,29,59,1,9,22,35,18,56,0,9,15,13,11,3
2021,2,A,골목상권,1000194,이문로42길,48,29,19,0,1,7,14,19,7,0,1,4,9,11,4,0,0,3,5,8,3
2021,2,A,골목상권,1000388,한글비석로44길,232,95,137,0,15,31,49,69,68,0,9,19,21,24,22,0,6,12,28,45,46
2021,2,A,골목상권,1000361,도봉로143길,73,48,25,0,5,11,20,25,12,0,1,8,12,17,10,0,4,3,8,8,2
2021,2,R,전통시장,1001408,신월중앙시장,118,53,65,0,28,34,26,13,17,0,8,12,11,9,13,0,20,22,15,4,4
2021,2,D,발달상권,1001236,서울 종로구 안국역_2,810,409,401,2,136,228,242,153,49,0,44,110,126,92,37,2,92,118,116,61,12
2021,2,A,골목상권,1000207,제기로5길,45,39,6,0,1,9,15,9,11,0,1,8,12,8,10,0,0,1,3,1,1
2021,2,D,발달상권,1001037,양재역,904,474,430,2,144,240,244,158,116,2,51,106,127,103,85,0,93,134,117,55,31
2021,2,A,골목상권,1000462,도화길,56,32,24,0,5,10,10,14,17,0,2,7,5,7,11,0,3,3,5,7,6
2021,2,A,골목상권,1000472,마포대로20길,483,258,225,1,58,94,114,110,106,0,27,60,58,55,58,1,31,34,56,55,48
2021,2,A,골목상권,1000731,영등포로84길,1933,673,1260,4,390,476,417,406,240,0,80,202,146,139,106,4,310,274,271,267,134
2021,2,A,골목상권,1000712,선유서로25길,1697,1284,413,1,160,357,408,405,366,0,86,290,333,301,274,1,74,67,75,104,92
2021,2,A,골목상권,1000699,도림로112길,30,19,11,0,3,2,11,9,5,0,3,1,7,3,5,0,0,1,4,6,0
2021,2,A,골목상권,1000716,신길로42가길,210,90,120,0,28,42,60,55,25,0,11,22,17,21,19,0,17,20,43,34,6
2021,2,A,골목상권,1000824,양녕로6길,205,124,81,0,26,50,44,46,39,0,12,27,30,29,26,0,14,23,14,17,13
2021,2,A,골목상권,1000803,남현길,117,28,89,0,14,19,24,32,28,0,4,6,14,2,2,0,10,13,10,30,26
2021,2,R,전통시장,1001457,봉천중앙시장,154,42,112,0,17,13,29,46,49,0,5,7,14,14,2,0,12,6,15,32,47
2021,2,D,발달상권,1001046,서울 관악구 신림역_4,332,165,167,0,34,58,100,77,63,0,8,27,59,29,42,0,26,31,41,48,21
2021,2,D,발달상권,1001040,서울 관악구 신림역_3,77,20,57,1,25,8,10,17,16,0,4,2,5,4,5,1,21,6,5,13,11
2021,2,R,전통시장,1001463,신림중앙시장,43,27,16,0,1,2,14,12,14,0,0,2,7,9,9,0,1,0,7,3,5
2021,2,A,골목상권,1000790,난곡로26길,120,85,35,0,18,19,29,45,9,0,11,15,20,30,9,0,7,4,9,15,0
2021,2,A,골목상권,1000809,법원단지길,16,5,11,0,0,1,7,6,2,0,0,0,0,3,2,0,0,1,7,3,0
2021,2,A,골목상권,1000902,논현로63길,2139,1352,787,8,401,563,537,376,254,1,182,354,380,255,180,7,219,209,157,121,74
2021,2,A,골목상권,1000384,상계로9가길,151,82,69,0,17,33,49,29,23,0,7,24,22,15,14,0,10,9,27,14,9
2021,2,A,골목상권,1000893,남부순환로365길,691,445,246,1,93,172,166,160,99,1,48,90,110,117,79,0,45,82,56,43,20
2021,2,A,골목상권,1000189,서울시립대로4길,404,264,140,3,83,95,79,87,57,3,57,62,45,57,40,0,26,33,34,30,17
2021,2,D,발달상권,1001103,코엑스,15904,8904,7000,59,3513,6185,4248,1596,303,25,1160,3361,2887,1246,225,34,2353,2824,1361,350,78
2021,2,A,골목상권,1000919,삼성로57길,3231,1896,1335,9,676,979,832,548,187,4,213,563,544,426,146,5,463,416,288,122,41
2021,2,A,골목상권,1000176,답십리로68길,287,158,129,0,31,65,60,81,50,0,14,32,36,40,36,0,17,33,24,41,14
2021,2,D,발달상권,1001052,뱅뱅사거리_2,12301,8384,3917,28,1846,3682,3450,2298,997,12,882,2414,2595,1653,828,16,964,1268,855,645,169
2021,2,R,전통시장,1001404,신정제일시장,38,21,17,0,8,9,10,7,4,0,3,5,6,4,3,0,5,4,4,3,1
2021,2,R,전통시장,1001365,공릉동도깨비시장,98,47,51,0,12,22,23,25,16,0,4,8,9,15,11,0,8,14,14,10,5
2021,2,R,전통시장,1001399,경창시장,53,23,30,0,2,5,12,16,18,0,1,1,5,9,7,0,1,4,7,7,11
2021,2,A,골목상권,1000171,답십리로23길,47,22,25,0,4,7,17,11,8,0,2,4,6,5,5,0,2,3,11,6,3
2021,2,D,발달상권,1001235,서울 종로구 안국역_1,8804,7324,1480,4,816,3152,2766,1683,383,4,540,2585,2359,1526,310,0,276,567,407,157,73
2021,2,R,전통시장,1001312,용두시장,4,2,2,0,0,0,1,2,1,0,0,0,0,1,1,0,0,0,1,1,0
2021,2,R,전통시장,1001269,동문시장,3,1,2,0,0,2,0,0,1,0,0,0,0,0,1,0,0,2,0,0,0
2021,2,A,골목상권,1000382,상계로12길,144,90,54,0,18,20,31,48,27,0,10,12,15,31,22,0,8,8,16,17,5
2021,2,D,발달상권,1001055,서울 서초구 서초역,1858,988,870,4,248,518,513,399,176,4,115,275,264,180,150,0,133,243,249,219,26
2021,2,A,골목상권,1000030,다산로33길,320,201,119,0,68,80,79,57,36,0,35,56,53,30,27,0,33,24,26,27,9
2021,2,D,발달상권,1001185,서울 서대문구 신촌역,924,404,520,6,192,225,217,183,101,4,71,88,100,86,55,2,121,137,117,97,46
2021,2,D,발달상권,1001144,국회의사당역_2,19439,11619,7820,54,4443,6681,4812,2304,1145,21,2014,3953,3277,1552,802,33,2429,2728,1535,752,343
2021,2,A,골목상권,1000714,신길로17길,676,289,387,0,68,156,269,145,38,0,40,67,78,68,36,0,28,89,191,77,2
2021,2,R,전통시장,1001271,동묘시장,474,223,251,5,158,102,93,73,43,5,44,36,58,44,36,0,114,66,35,29,7
2021,2,D,발달상권,1001231,서울 동대문구 신설동역_2,5440,2247,3193,4,641,1009,1217,1538,1031,1,213,526,677,473,357,3,428,483,540,1065,674
2021,2,A,골목상권,1000400,연서로13길,218,135,83,2,46,49,28,49,44,0,32,26,15,30,32,2,14,23,13,19,12
2021,2,A,골목상권,1000510,곰달래로3길,313,213,100,3,40,72,82,77,39,2,29,55,55,46,26,1,11,17,27,31,13
2021,2,A,골목상권,1000432,통일로78길,172,60,112,0,20,38,50,40,24,0,4,12,17,15,12,0,16,26,33,25,12
2021,2,A,골목상권,1000403,연서로21길,684,486,198,0,35,128,167,156,198,0,15,98,107,106,160,0,20,30,60,50,38
2021,2,A,골목상권,1000517,남부순환로88길,328,124,204,2,33,45,72,109,67,0,8,27,30,34,25,2,25,18,42,75,42
2021,2,A,골목상권,1000417,응암로12길,67,32,35,0,13,17,17,16,4,0,3,7,8,10,4,0,10,10,9,6,0
2021,2,R,전통시장,1001374,대림골목시장,237,46,191,0,24,52,59,69,33,0,1,10,8,16,11,0,23,42,51,53,22
2021,2,D,발달상권,1001141,압구정 로데오거리_2,7107,2323,4784,30,2589,2387,1207,556,338,8,550,816,479,272,198,22,2039,1571,728,284,140
2021,2,A,골목상권,1000409,연서로3길,119,51,68,1,9,27,36,29,17,0,2,12,14,15,8,1,7,15,22,14,9
2021,2,A,골목상권,1000216,한천로40길,90,57,33,0,9,9,17,37,18,0,4,6,9,24,14,0,5,3,8,13,4
2021,2,D,발달상권,1001174,등촌역,64,37,27,0,5,11,6,12,30,0,1,6,5,5,20,0,4,5,1,7,10
2021,2,A,골목상권,1000524,목동중앙로13나길,346,248,98,0,40,53,73,94,86,0,23,41,57,80,47,0,17,12,16,14,39
2021,2,A,골목상권,1000639,남부순환로97길,101,48,53,0,4,14,29,38,16,0,1,5,11,18,13,0,3,9,18,20,3
2021,2,A,골목상권,1000002,난계로27길,201,114,87,1,18,42,61,40,39,0,6,24,33,24,27,1,12,18,28,16,12
2021,2,R,전통시장,1001402,신월6동골목시장,141,103,38,1,17,36,39,32,16,0,10,27,33,18,15,1,7,9,6,14,1
2021,2,A,골목상권,1000886,강남대로118길,218,91,127,0,19,47,65,43,44,0,1,15,37,16,22,0,18,32,28,27,22
2021,2,A,골목상권,1000875,신반포로45길,1192,625,567,5,182,294,295,217,199,5,62,146,179,116,117,0,120,148,116,101,82
2021,2,A,골목상권,1000532,신목로5길,645,416,229,2,82,160,183,145,73,0,45,108,131,83,49,2,37,52,52,62,24
2021,2,A,골목상권,1000568,개화동로25길,351,201,150,0,71,149,58,41,32,0,29,86,45,22,19,0,42,63,13,19,13
2021,2,D,발달상권,1001038,구로디지탈1단지,43655,28446,15209,166,9236,14856,11064,5205,3128,106,4581,9785,7775,3647,2552,60,4655,5071,3289,1558,576
2021,2,A,골목상권,1000589,방화대로21길,390,243,147,6,46,78,105,96,59,0,17,50,73,64,39,6,29,28,32,32,20
2021,2,A,골목상권,1000592,양천로24가길,207,113,94,2,21,35,62,49,38,2,8,16,35,25,27,0,13,19,27,24,11
2021,2,A,골목상권,1000174,답십리로63길,1747,1051,696,39,1368,283,39,14,4,23,781,204,32,7,4,16,587,79,7,7,0
2021,2,R,전통시장,1001410,대원종합시장,9,7,2,0,0,1,0,3,5,0,0,1,0,2,4,0,0,0,0,1,1
2021,2,R,전통시장,1001412,화곡본동시장,36,16,20,0,3,5,10,13,5,0,1,3,5,6,1,0,2,2,5,7,4
2021,2,A,골목상권,1000607,화곡로59길,316,232,84,0,7,25,59,116,109,0,3,18,30,84,97,0,4,7,29,32,12
2021,2,A,골목상권,1000636,구로중앙로42길,403,284,119,3,75,112,94,78,41,3,40,75,73,58,35,0,35,37,21,20,6
2021,2,A,골목상권,1000595,양천로49길,342,232,110,0,52,71,97,88,34,0,23,53,65,67,24,0,29,18,32,21,10
2021,2,A,골목상권,1000594,양천로26길,479,377,102,0,59,114,112,108,86,0,45,83,83,87,79,0,14,31,29,21,7
2021,2,A,골목상권,1000575,공항대로42길,514,323,191,0,99,151,117,89,58,0,31,91,84,71,46,0,68,60,33,18,12
2021,2,A,골목상권,1000629,구로동로41길,119,79,40,0,15,18,42,33,11,0,12,9,29,20,9,0,3,9,13,13,2
2021,2,A,골목상권,1000645,부일로11길,281,115,166,4,38,51,67,59,62,2,14,27,29,25,18,2,24,24,38,34,44
2021,2,D,발달상권,1001021,가산디지털단지역_1,18317,12138,6179,70,3341,5565,4396,2876,2069,36,1695,3791,3237,1957,1422,34,1646,1774,1159,919,647
2021,2,A,골목상권,1000630,구로동로42길,131,75,56,0,8,21,36,39,27,0,4,15,17,18,21,0,4,6,19,21,6
2021,2,R,전통시장,1001423,독산동 우시장,611,476,135,2,31,74,126,196,182,0,16,55,97,145,163,2,15,19,29,51,19
2021,2,A,골목상권,1000616,개봉로3길,273,139,134,0,50,51,43,36,93,0,15,20,20,21,63,0,35,31,23,15,30
2021,2,R,전통시장,1001422,오류시장,132,21,111,0,10,26,46,43,7,0,5,1,4,5,6,0,5,25,42,38,1
2021,2,A,골목상권,1000900,논현로26길,17916,5148,12768,76,2984,3579,6443,3961,873,37,1351,1737,1106,547,370,39,1633,1842,5337,3414,503
2021,2,A,골목상권,1000773,여의대방로24길,16249,10586,5663,45,3316,3142,2424,3906,3416,23,2691,2662,1612,1847,1751,22,625,480,812,2059,1665
2021,2,A,골목상권,1000680,시흥대로68길,549,219,330,1,130,118,102,143,55,1,44,45,39,51,39,0,86,73,63,92,16
2021,2,A,골목상권,1000672,시흥대로138길,341,246,95,0,68,87,64,86,36,0,54,72,44,49,27,0,14,15,20,37,9
2021,2,D,발달상권,1001092,강남구 논현역_1,2284,1208,1076,3,451,700,552,394,184,0,171,406,335,168,128,3,280,294,217,226,56
2021,2,D,발달상권,1001011,서울 금천구 시흥1동_4,486,164,322,1,56,75,117,138,99,1,19,25,46,36,37,0,37,50,71,102,62
2021,2,A,골목상권,1000678,시흥대로62가길,86,59,27,0,7,19,20,23,17,0,5,15,13,15,11,0,2,4,7,8,6
2021,2,A,골목상권,1000758,상도로37길,128,65,63,0,36,22,32,28,10,0,13,11,20,14,7,0,23,11,12,14,3
2021,2,R,전통시장,1001447,상도4동도깨비골목시장,95,49,46,0,11,23,33,14,14,0,5,10,18,7,9,0,6,13,15,7,5
2021,2,A,골목상권,1000761,상도로62길,332,179,153,1,42,71,80,74,64,0,22,34,50,31,42,1,20,37,30,43,22
2021,2,R,전통시장,1001451,사당시장,45,20,25,0,4,6,10,11,14,0,0,1,4,6,9,0,4,5,6,5,5
2021,2,A,골목상권,1000754,사당로2차길,324,216,108,1,33,57,86,97,50,0,21,30,53,69,43,1,12,27,33,28,7
2021,2,A,골목상권,1000746,만양로8길,824,512,312,3,78,170,217,204,152,2,36,101,143,143,87,1,42,69,74,61,65
2021,2,D,발달상권,1001114,강남구 신사역_1,1108,570,538,11,263,324,245,170,95,6,90,152,149,104,69,5,173,172,96,66,26
2021,2,A,골목상권,1000852,논현로27길,2808,2146,662,10,460,690,692,452,504,7,279,507,545,364,444,3,181,183,147,88,60
2021,2,D,발달상권,1001061,방배동카페골목,374,218,156,0,34,102,100,85,53,0,14,70,60,37,37,0,20,32,40,48,16
2021,2,A,골목상권,1000863,방배로35길,1137,711,426,1,193,244,258,228,213,0,51,128,172,167,193,1,142,116,86,61,20
2021,2,D,발달상권,1001013,양재 화물트럭터미널앞_2,843,619,224,12,155,219,213,164,80,10,109,147,155,132,66,2,46,72,58,32,14
2021,2,A,골목상권,1000879,청두곶길,1446,795,651,2,116,308,439,383,198,0,46,169,206,247,127,2,70,139,233,136,71
2021,2,A,골목상권,1000909,도산대로50길,2685,1863,822,14,578,836,645,433,179,6,329,540,493,349,146,8,249,296,152,84,33
2021,2,A,골목상권,1000011,숭인동길,329,133,196,0,51,55,75,89,59,0,20,24,32,31,26,0,31,31,43,58,33
2021,2,D,발달상권,1001106,서울 강남구 학동역_2,2510,1674,836,2,225,433,393,251,1206,0,100,253,280,152,889,2,125,180,113,99,317
2021,2,A,골목상권,1000911,도산대로89길,1284,730,554,9,309,361,276,206,123,2,163,236,173,87,69,7,146,125,103,119,54
2021,2,D,발달상권,1001133,청담사거리_3,1376,693,683,3,362,384,263,218,146,1,111,193,145,133,110,2,251,191,118,85,36
2021,2,A,골목상권,1000926,선릉로133길,739,434,305,2,155,215,162,107,98,1,59,121,107,64,82,1,96,94,55,43,16
2021,2,A,골목상권,1000908,도산대로38길,1043,622,421,3,147,183,232,197,281,2,52,93,137,145,193,1,95,90,95,52,88
2021,2,D,발달상권,1001134,서울 영등포구 여의도역_2,33585,23274,10311,81,5930,10493,8844,6170,2067,15,3379,7139,6862,4704,1175,66,2551,3354,1982,1466,892
2021,2,A,골목상권,1000910,도산대로81길,3094,1363,1731,10,813,1163,670,290,148,5,258,477,323,179,121,5,555,686,347,111,27
2021,2,A,골목상권,1000831,조원중앙로2길,921,694,227,0,121,277,215,238,70,0,78,210,165,189,52,0,43,67,50,49,18
2021,2,D,발달상권,1001058,역삼역_1,10667,5507,5160,103,3487,3300,2171,1158,448,26,1247,1825,1451,641,317,77,2240,1475,720,517,131
2021,2,A,골목상권,1000004,명륜길,56,32,24,0,5,13,16,18,4,0,2,5,13,9,3,0,3,8,3,9,1
2021,2,A,골목상권,1000201,장한로5길,314,189,125,0,58,81,61,58,56,0,28,43,40,34,44,0,30,38,21,24,12
2021,2,D,발달상권,1001242,혜화역 대학로_3,477,210,267,1,57,123,134,75,87,0,19,40,60,34,57,1,38,83,74,41,30
2021,2,A,골목상권,1000007,북촌로5길,503,419,84,0,31,177,156,102,37,0,19,150,133,88,29,0,12,27,23,14,8
2021,2,A,골목상권,1000379,동일로173가길,1230,946,284,3,110,164,272,369,312,1,65,113,202,296,269,2,45,51,70,73,43
2021,2,D,발달상권,1001222,동묘앞역,223,138,85,0,27,41,44,66,45,0,9,20,31,41,37,0,18,21,13,25,8
2021,2,A,골목상권,1000193,왕산로43길,560,199,361,1,119,130,150,104,56,1,18,35,58,46,41,0,101,95,92,58,15
2021,2,A,골목상권,1000202,장한로8길,438,295,143,0,68,64,84,126,96,0,25,40,55,91,84,0,43,24,29,35,12
2021,2,A,골목상권,1000169,경희대로4길,41,18,23,0,3,10,10,7,11,0,0,5,5,4,4,0,3,5,5,3,7
2021,2,D,발달상권,1001175,서울 강동구 고덕역,1359,916,443,3,172,305,337,317,225,1,75,198,249,221,172,2,97,107,88,96,53
2021,2,A,골목상권,1000976,동남로85길,635,344,291,0,60,81,112,159,223,0,30,54,56,66,138,0,30,27,56,93,85
2021,2,A,골목상권,1000188,서울시립대로29길,368,263,105,1,9,26,29,45,258,1,4,14,12,25,207,0,5,12,17,20,51
2021,2,A,골목상권,1000988,양재대로124길,435,258,177,0,29,76,125,120,85,0,20,52,75,60,51,0,9,24,50,60,34
2021,2,A,골목상권,1000945,백제고분로31길,1708,1370,338,0,86,234,312,223,853,0,43,155,203,154,815,0,43,79,109,69,38
2021,2,A,골목상권,1000948,백제고분로34길,1779,1368,411,7,253,345,323,395,456,7,181,288,247,282,363,0,72,57,76,113,93
2021,2,D,발달상권,1001083,서울 송파구 석촌역_2,597,380,217,0,22,73,124,174,204,0,10,39,75,102,154,0,12,34,49,72,50
2021,2,D,발달상권,1001079,석촌역,170,135,35,0,27,70,24,22,27,0,11,59,20,20,25,0,16,11,4,2,2
2021,2,A,골목상권,1000992,양재대로96길,197,131,66,2,29,45,51,37,33,1,18,33,32,24,23,1,11,12,19,13,10
2021,2,A,골목상권,1000980,상암로51길,302,122,180,0,55,50,55,76,66,0,16,27,31,29,19,0,39,23,24,47,47
2021,2,R,전통시장,1001481,명일골목시장,89,30,59,0,8,10,13,28,30,0,3,6,5,8,8,0,5,4,8,20,22
2021,2,R,전통시장,1001313,청량리수산시장,20,11,9,0,1,5,6,3,5,0,0,5,3,0,3,0,1,0,3,3,2
2021,2,D,발달상권,1001172,어린이대공원역,41,17,24,0,5,3,13,13,7,0,1,1,5,4,6,0,4,2,8,9,1
2021,2,A,골목상권,1000969,고덕로25길,143,91,52,0,23,30,28,34,28,0,12,26,16,19,18,0,11,4,12,15,10
2021,2,A,골목상권,1001001,천중로39길,574,375,199,0,41,93,155,144,141,0,14,51,84,100,126,0,27,42,71,44,15
2021,2,A,골목상권,1000971,구천면로36길,32,14,18,0,3,6,9,12,2,0,0,3,4,5,2,0,3,3,5,7,0
2021,2,A,골목상권,1000977,명일로13길,302,182,120,0,25,47,57,99,74,0,15,24,33,48,62,0,10,23,24,51,12
2021,2,A,골목상권,1000997,올림픽로80길,152,54,98,2,40,35,37,29,9,2,13,9,13,12,5,0,27,26,24,17,4
2021,2,A,골목상권,1000996,올림픽로78길,115,58,57,0,17,27,26,24,21,0,9,9,12,11,17,0,8,18,14,13,4
2021,2,A,골목상권,1000034,동호로10길,1553,857,696,3,261,374,326,340,249,1,90,202,225,212,127,2,171,172,101,128,122
2021,2,A,골목상권,1000049,퇴계로90길,463,225,238,2,60,115,115,99,72,2,27,45,57,50,44,0,33,70,58,49,28
2021,2,A,골목상권,1000077,한강대로104길,8152,1754,6398,152,5983,1336,333,182,166,9,597,651,235,136,126,143,5386,685,98,46,40
2021,2,A,골목상권,1000073,청파로47길,192,87,105,1,18,35,64,39,35,1,7,16,27,16,20,0,11,19,37,23,15
2021,2,A,골목상권,1000098,무수막길,164,122,42,0,8,19,21,44,72,0,1,11,14,33,63,0,7,8,7,11,9
2021,2,R,전통시장,1001322,동부시장,14,9,5,0,0,0,1,1,12,0,0,0,0,0,9,0,0,0,1,1,3
2021,2,A,골목상권,1000254,사가정로54길,122,47,75,0,22,22,28,34,16,0,1,8,14,15,9,0,21,14,14,19,7
2021,2,A,골목상권,1000240,망우로73길,51,34,17,0,6,5,14,20,6,0,3,4,10,13,4,0,3,1,4,7,2
2021,2,A,골목상권,1000081,한강대로62길,1047,535,512,1,171,234,275,263,103,1,97,112,157,115,53,0,74,122,118,148,50
2021,2,A,골목상권,1000498,월드컵로11길,421,153,268,0,98,81,120,83,39,0,41,30,37,29,16,0,57,51,83,54,23
2021,2,D,발달상권,1001186,서울 서대문구 이대역,380,160,220,4,75,78,102,73,48,1,27,28,38,31,35,3,48,50,64,42,13
2021,2,A,골목상권,1000690,당산로38길,676,471,205,3,115,155,176,131,96,3,44,102,145,103,74,0,71,53,31,28,22
2021,2,D,발달상권,1001145,용산 전자상가_1,3893,2851,1042,18,653,1252,1021,732,217,12,383,882,805,612,157,6,270,370,216,120,60
2021,2,D,발달상권,1001153,당산역_1,310,186,124,1,27,56,90,73,63,1,6,33,47,44,55,0,21,23,43,29,8
2021,2,D,발달상권,1001087,서울 강남구 선릉역_2,40183,20392,19791,100,7240,10457,10558,10272,1556,54,4770,7267,4954,2337,1010,46,2470,3190,5604,7935,546
2021,2,R,전통시장,1001452,중부시장,102,40,62,1,5,10,22,39,25,0,2,3,7,16,12,1,3,7,15,23,13
2021,2,A,골목상권,1000894,논현로106길,1488,1027,461,2,212,449,431,225,169,2,108,318,330,152,117,0,104,131,101,73,52
2021,2,A,골목상권,1000832,중앙길,99,30,69,0,11,15,25,31,17,0,1,4,5,10,10,0,10,11,20,21,7
2021,2,A,골목상권,1000785,관천로22길,194,117,77,0,31,30,62,44,27,0,13,19,34,30,21,0,18,11,28,14,6
2021,2,R,전통시장,1001454,봉천제일종합시장,6,1,5,0,4,0,2,0,0,0,0,0,1,0,0,0,4,0,1,0,0
2021,2,A,골목상권,1000093,마장로27길,197,92,105,1,38,51,38,49,20,0,16,21,15,27,13,1,22,30,23,22,7
2021,2,R,전통시장,1001266,동대문종합시장,1319,965,354,2,156,325,348,339,149,0,116,251,238,247,113,2,40,74,110,92,36
2021,2,D,발달상권,1001161,건대입구역,24,11,13,0,5,2,5,8,4,0,2,2,2,3,2,0,3,0,3,5,2
2021,2,A,골목상권,1000061,신흥로20길,178,118,60,0,26,36,57,37,22,0,11,27,40,27,13,0,15,9,17,10,9
2021,2,D,발달상권,1001202,롯데백화점,27149,9657,17492,236,13497,8422,2946,1798,250,71,3513,3007,1835,1029,202,165,9984,5415,1111,769,48
2021,2,A,골목상권,1000045,퇴계로18길,967,435,532,2,118,152,175,254,266,2,51,69,83,87,143,0,67,83,92,167,123
2021,2,A,골목상권,1000242,면목로33길,86,28,58,1,6,19,14,23,23,0,3,5,6,9,5,1,3,14,8,14,18
2021,2,R,전통시장,1001279,동평화시장,178,121,57,0,17,34,34,64,29,0,8,24,21,44,24,0,9,10,13,20,5
2021,2,R,전통시장,1001280,제일평화시장,53,29,24,1,6,16,16,11,3,1,1,10,9,6,2,0,5,6,7,5,1
2021,2,R,전통시장,1001275,인현시장,167,123,44,0,3,25,47,54,38,0,3,16,35,40,29,0,0,9,12,14,9
2021,2,A,골목상권,1000038,동호로8길,386,160,226,0,57,89,87,78,75,0,24,37,41,23,35,0,33,52,46,55,40
2021,2,A,골목상권,1000056,두텁바위로1길,1111,483,628,7,136,259,329,261,119,3,25,84,126,154,91,4,111,175,203,107,28
2021,2,A,골목상권,1000105,서울숲2길,335,196,139,0,46,89,104,57,39,0,18,45,59,39,35,0,28,44,45,18,4
2021,2,A,골목상권,1000112,송정4가길,291,123,168,0,32,46,81,63,69,0,5,16,22,25,55,0,27,30,59,38,14
2021,2,R,전통시장,1001332,사가정시장,86,28,58,0,13,17,24,19,13,0,0,3,6,8,11,0,13,14,18,11,2
2021,2,A,골목상권,1000163,자양로53길,170,120,50,1,25,29,47,39,29,1,18,24,29,24,24,0,7,5,18,15,5
2021,2,A,골목상권,1000151,아차산로40길,357,207,150,1,96,67,73,59,61,1,46,39,39,34,48,0,50,28,34,25,13
2021,2,A,골목상권,1000149,뚝섬로64길,239,127,112,1,37,35,74,52,40,0,18,18,33,29,29,1,19,17,41,23,11
2021,2,A,골목상권,1000312,화랑로1길,1112,811,301,0,36,35,143,177,721,0,19,25,85,121,561,0,17,10,58,56,160
2021,2,A,골목상권,1000287,오패산로3길,310,187,123,1,51,73,80,72,33,1,22,41,51,50,22,0,29,32,29,22,11
2021,2,A,골목상권,1000235,동일로140길,432,314,118,0,28,49,111,128,116,0,18,27,65,99,105,0,10,22,46,29,11
2021,2,A,골목상권,1000292,인촌로24길,1580,1010,570,1,137,419,504,378,141,0,52,209,332,287,130,1,85,210,172,91,11
2021,2,A,골목상권,1000274,보문로13길,1048,741,307,3,34,68,110,126,707,0,16,41,77,81,526,3,18,27,33,45,181
2021,2,A,골목상권,1000455,통일로39길,67,32,35,0,5,8,21,20,13,0,0,3,9,9,11,0,5,5,12,11,2
2021,2,A,골목상권,1000299,정릉로8길,1407,1165,242,15,213,430,343,240,166,14,151,387,297,213,103,1,62,43,46,27,63
2021,2,D,발달상권,1001246,미아사거리_1,210,68,142,0,22,33,48,69,38,0,11,13,15,12,17,0,11,20,33,57,21
2021,2,A,골목상권,1000288,오패산로4길,841,540,301,0,63,154,174,140,310,0,23,79,91,69,278,0,40,75,83,71,32
2021,2,A,골목상권,1000307,한천로101가길,15,9,6,0,1,1,3,4,6,0,0,1,1,2,5,0,1,0,2,2,1
2021,2,A,골목상권,1000442,세무서길,164,78,86,1,30,22,31,37,43,1,9,8,10,26,24,0,21,14,21,11,19
2021,2,A,골목상권,1000280,삼선교로16가길,99,42,57,0,7,9,20,25,38,0,4,7,13,11,7,0,3,2,7,14,31
2021,2,A,골목상권,1000279,삼선교로10다길,38,17,21,0,3,3,11,15,6,0,0,2,9,5,1,0,3,1,2,10,5
2021,2,A,골목상권,1000284,아리랑로4길,595,281,314,2,70,92,125,182,124,1,24,43,54,86,73,1,46,49,71,96,51
2021,2,A,골목상권,1000347,한천로124나길,54,23,31,0,7,11,12,15,9,0,2,1,4,8,8,0,5,10,8,7,1
2021,2,R,전통시장,1001345,새석관시장,3,1,2,0,0,0,1,2,0,0,0,0,0,1,0,0,0,0,1,1,0
2021,2,A,골목상권,1000326,도봉로99길,250,155,95,0,31,61,81,54,23,0,27,42,43,26,17,0,4,19,38,28,6
2021,2,D,발달상권,1001259,서울 강북구 수유역_3,70,36,34,0,6,19,21,15,9,0,0,10,12,7,7,0,6,9,9,8,2
2021,2,A,골목상권,1000328,삼양로20길,179,168,11,0,7,12,34,65,61,0,4,11,31,62,60,0,3,1,3,3,1
2021,2,R,전통시장,1001350,숭인시장,62,27,35,0,9,13,10,15,15,0,0,4,1,9,13,0,9,9,9,6,2
2021,2,D,발달상권,1001216,서울 종로구 종로3가역_1,2657,1167,1490,3,418,737,592,496,411,0,113,285,252,256,261,3,305,452,340,240,150
2021,2,A,골목상권,1000440,세검정로1길,109,37,72,0,13,20,36,21,19,0,2,6,9,9,11,0,11,14,27,12,8
2021,2,A,골목상권,1000458,광성로6길,295,169,126,1,19,52,63,76,84,1,9,26,34,43,56,0,10,26,29,33,28
2021,2,A,골목상권,1000445,연희로10길,3448,3135,313,2,390,669,570,1483,334,1,342,592,477,1410,313,1,48,77,93,73,21
2021,2,A,골목상권,1000718,신길로60길,260,196,64,0,8,10,44,60,138,0,3,5,21,39,128,0,5,5,23,21,10
2021,2,D,발달상권,1001016,서울 관악구 대학동_1,662,558,104,2,30,79,181,272,98,0,13,54,158,244,89,2,17,25,23,28,9
2021,2,D,발달상권,1001167,서울 마포구 공덕역_1,2420,796,1624,8,575,414,504,810,109,4,252,223,144,100,73,4,323,191,360,710,36
2021,2,D,발달상권,1001142,국회의사당역_1,4563,3517,1046,15,837,1316,1212,940,243,2,498,969,1020,837,191,13,339,347,192,103,52
2021,2,A,골목상권,1000691,당산로46길,698,529,169,4,83,189,186,138,98,0,44,145,146,110,84,4,39,44,40,28,14
2021,2,R,전통시장,1001436,사러가시장,57,35,22,0,1,15,20,19,2,0,1,7,12,13,2,0,0,8,8,6,0
2021,2,A,골목상권,1000822,신사로20길,121,93,28,0,16,22,36,29,18,0,15,14,30,23,11,0,1,8,6,6,7
2021,2,A,골목상권,1000723,여의대방로39길,193,112,81,2,11,21,29,51,79,2,7,15,12,24,52,0,4,6,17,27,27
2021,2,A,골목상권,1000708,디지털로57길,1036,639,397,0,32,53,156,225,570,0,25,36,82,138,358,0,7,17,74,87,212
2021,2,D,발달상권,1001028,서울 관악구 서울대입구역_2,57,28,29,0,8,5,19,8,17,0,3,1,6,5,13,0,5,4,13,3,4
2021,2,A,골목상권,1000800,남부순환로248길,404,213,191,2,62,135,96,72,37,0,23,74,50,45,21,2,39,61,46,27,16
2021,2,A,골목상권,1000827,장군봉1길,326,166,160,0,65,82,77,69,33,0,14,46,40,39,27,0,51,36,37,30,6
2021,2,R,전통시장,1001466,미성동도깨비시장,75,16,59,0,0,16,28,24,7,0,0,7,5,2,2,0,0,9,23,22,5
2021,2,A,골목상권,1000190,약령시로17길,109,77,32,0,14,31,31,25,8,0,9,21,21,19,7,0,5,10,10,6,1
2021,2,A,골목상권,1000903,논현로8길,1081,701,380,2,154,229,217,204,275,0,85,164,121,128,203,2,69,65,96,76,72
2021,2,A,골목상권,1000933,일원로3길,513,237,276,1,62,93,108,113,136,0,28,43,39,41,86,1,34,50,69,72,50
2021,2,A,골목상권,1000934,일원로9길,590,334,256,3,70,69,123,111,214,2,36,40,75,59,122,1,34,29,48,52,92
2021,2,D,발달상권,1001223,서울 종로구 광화문역_2,27999,17199,10800,32,3393,7355,8035,6017,3167,10,1412,4714,5366,3871,1826,22,1981,2641,2669,2146,1341
2021,2,A,골목상권,1000374,시루봉로23길,267,128,139,0,25,51,79,81,31,0,6,29,35,35,23,0,19,22,44,46,8
2021,2,A,골목상권,1000192,왕산로33길,72,30,42,0,1,0,19,39,13,0,0,0,8,12,10,0,1,0,11,27,3
2021,2,R,전통시장,1001361,신도봉시장,5,5,0,0,1,0,2,2,0,0,1,0,2,2,0,0,0,0,0,0,0
2021,2,D,발달상권,1001219,서울 종로구 동대문역_1,28,17,11,0,0,2,3,11,12,0,0,1,0,8,8,0,0,1,3,3,4
2021,2,R,전통시장,1001363,쌍문역골목시장,61,14,47,0,1,2,3,26,29,0,0,2,1,0,11,0,1,0,2,26,18
2021,2,A,골목상권,1000377,해등로16길,285,134,151,0,20,23,42,82,118,0,9,17,29,30,49,0,11,6,13,52,69
2021,2,D,발달상권,1001077,선릉역_1,16454,10830,5624,44,4479,4844,3312,2334,1441,27,2322,3250,2441,1722,1068,17,2157,1594,871,612,373
2021,2,A,골목상권,1000383,상계로1길,334,244,90,0,38,93,109,64,30,0,28,74,82,41,19,0,10,19,27,23,11
2021,2,R,전통시장,1001366,상계시장,8,2,6,0,1,1,1,2,3,0,0,1,0,1,0,0,1,0,1,1,3
2021,2,R,전통시장,1001371,대조시장,15,7,8,0,1,4,8,2,0,0,0,1,5,1,0,0,1,3,3,1,0
2021,2,D,발달상권,1001020,장지역,4411,3129,1282,15,643,1002,1018,951,782,10,362,688,749,689,631,5,281,314,269,262,151
2021,2,A,골목상권,1000191,왕산로32길,129,64,65,0,36,41,16,21,15,0,11,18,10,14,11,0,25,23,6,7,4
2021,2,D,발달상권,1001057,교대역_2,3971,2510,1461,2,682,1375,1042,592,278,0,324,870,701,418,197,2,358,505,341,174,81
2021,2,A,골목상권,1000966,풍성로25길,84,43,41,0,16,16,22,22,8,0,5,8,13,11,6,0,11,8,9,11,2
2021,2,A,골목상권,1000086,효창원로39길,163,87,76,0,9,33,42,46,33,0,2,13,21,27,24,0,7,20,21,19,9
2021,2,A,골목상권,1000481,성미산로11길,1114,807,307,9,182,312,292,194,125,9,92,221,223,158,104,0,90,91,69,36,21
2021,2,A,골목상권,1000927,선릉로146길,1123,536,587,3,246,393,245,144,92,2,66,174,142,90,62,1,180,219,103,54,30
2021,2,A,골목상권,1000258,용마산로118길,108,63,45,1,11,17,28,30,21,0,2,8,13,23,17,1,9,9,15,7,4
2021,2,D,발달상권,1001199,서울 중구 충무로역_2,16329,7851,8478,75,2774,4426,4616,3271,1167,23,832,2343,2394,1543,716,52,1942,2083,2222,1728,451
2021,2,D,발달상권,1001208,서울 중구 을지로3가역_2,3181,2166,1015,5,367,777,795,650,587,1,169,518,553,463,462,4,198,259,242,187,125
2021,2,A,골목상권,1000357,도당로19길,597,66,531,0,19,44,162,324,48,0,7,17,12,19,11,0,12,27,150,305,37
2021,2,A,골목상권,1000406,연서로29길,100,60,40,2,18,20,25,20,15,1,9,13,11,14,12,1,9,7,14,6,3
2021,2,D,발달상권,1001050,교대역_1,17722,8352,9370,88,3981,4656,4461,3192,1344,38,1424,2391,2134,1453,912,50,2557,2265,2327,1739,432
2021,2,A,골목상권,1000431,통일로69길,107,55,52,0,18,23,35,21,10,0,10,13,16,10,6,0,8,10,19,11,4
2021,2,A,골목상권,1000430,진흥로1길,310,165,145,0,62,58,69,58,63,0,19,31,43,35,37,0,43,27,26,23,26
2021,2,A,골목상권,1000529,목동중앙서로7길,75,52,23,0,2,13,18,26,16,0,2,10,11,16,13,0,0,3,7,10,3
2021,2,D,발달상권,1001148,목동사거리,41,13,28,0,4,9,10,10,8,0,0,1,2,4,6,0,4,8,8,6,2
2021,2,A,골목상권,1000527,목동중앙북로16길,488,190,298,0,115,112,107,105,49,0,33,43,53,39,22,0,82,69,54,66,27
2021,2,A,골목상권,1000535,신월로20길,47,30,17,0,3,6,10,16,12,0,3,2,4,12,9,0,0,4,6,4,3
2021,2,A,골목상권,1000509,곰달래로2길,610,344,266,1,82,114,132,187,94,0,40,70,72,104,58,1,42,44,60,83,36
2021,2,A,골목상권,1000511,곰달래로5길,211,125,86,0,13,40,49,71,38,0,7,19,30,43,26,0,6,21,19,28,12
2021,2,A,골목상권,1000530,목동중앙서로8가길,317,200,117,0,55,93,87,62,20,0,20,52,56,55,17,0,35,41,31,7,3
2021,2,A,골목상권,1000531,신목로2길,386,255,131,2,39,76,102,119,48,1,32,60,70,65,27,1,7,16,32,54,21
2021,2,R,전통시장,1001406,신정3동골목시장,123,81,42,0,2,20,31,25,45,0,0,11,15,17,38,0,2,9,16,8,7
2021,2,A,골목상권,1000597,양천로73가길,468,360,108,1,42,76,123,116,110,1,17,56,93,95,98,0,25,20,30,21,12
2021,2,A,골목상권,1000581,국회대로7길,215,101,114,0,27,35,46,62,45,0,14,21,24,23,19,0,13,14,22,39,26
2021,2,D,발달상권,1001179,강서구청,4278,2468,1810,2,621,1337,1106,1004,208,1,238,701,650,729,149,1,383,636,456,275,59
2021,2,A,골목상권,1000652,중앙로15길,171,106,65,2,12,23,37,63,34,2,9,13,17,36,29,0,3,10,20,27,5
2021,2,R,전통시장,1001427,현대시장,139,42,97,0,13,23,49,40,14,0,4,3,12,17,6,0,9,20,37,23,8
2021,2,R,전통시장,1001414,송화골목시장,119,44,75,2,23,18,25,33,18,0,6,7,9,13,9,2,17,11,16,20,9
2021,2,R,전통시장,1001409,화곡중앙골목시장,75,32,43,0,4,11,21,22,17,0,2,2,9,8,11,0,2,9,12,14,6
2021,2,R,전통시장,1001418,남구로시장,236,135,101,1,16,48,57,60,54,0,7,29,29,32,38,1,9,19,28,28,16
2021,2,A,골목상권,1000665,독산로78다길,195,124,71,0,15,35,63,49,33,0,11,21,39,31,22,0,4,14,24,18,11
2021,2,A,골목상권,1000625,공원로6가길,1158,755,403,0,142,320,322,283,91,0,69,217,230,178,61,0,73,103,92,105,30
2021,2,A,골목상권,1000673,시흥대로141길,214,142,72,1,26,30,60,48,49,0,12,15,39,36,40,1,14,15,21,12,9
2021,2,R,전통시장,1001425,푸른터시장,3,2,1,0,0,1,0,2,0,0,0,1,0,1,0,0,0,0,0,1,0
2021,2,A,골목상권,1000868,사평대로57길,65,33,32,0,6,20,19,16,4,0,0,8,13,8,4,0,6,12,6,8,0
2021,2,D,발달상권,1001022,관악구 사당역_2,744,453,291,4,116,191,213,147,73,3,54,120,124,98,54,1,62,71,89,49,19
2021,2,A,골목상권,1000662,독산로50길,27,6,21,0,3,2,8,6,8,0,1,0,1,2,2,0,2,2,7,4,6
2021,2,A,골목상권,1000776,장승배기로19길,518,409,109,0,195,135,75,49,64,0,177,105,47,38,42,0,18,30,28,11,22
2021,2,A,골목상권,1000775,장승배기로10길,223,90,133,0,25,37,45,71,45,0,7,21,23,24,15,0,18,16,22,47,30
2021,2,R,전통시장,1001444,상도전통시장,239,104,135,0,33,60,53,58,35,0,12,23,23,24,22,0,21,37,30,34,13
2021,2,A,골목상권,1000733,국사봉1길,85,52,33,0,6,26,29,13,11,0,1,16,21,6,8,0,5,10,8,7,3
2021,2,A,골목상권,1000743,동작대로7길,182,84,98,0,17,34,50,32,49,0,4,17,27,14,22,0,13,17,23,18,27
2021,2,A,골목상권,1000737,대방동27길,465,223,242,0,65,103,104,127,66,0,13,53,55,60,42,0,52,50,49,67,24
2021,2,A,골목상권,1000771,여의대방로22나길,188,95,93,1,16,24,28,36,83,1,10,11,12,18,43,0,6,13,16,18,40
2021,2,A,골목상권,1000778,흑석로13길,77,33,44,0,10,16,23,16,12,0,1,6,12,6,8,0,9,10,11,10,4
2021,2,A,골목상권,1000876,언남길,1128,742,386,2,185,268,315,221,137,1,103,166,200,164,108,1,82,102,115,57,29
2021,2,A,골목상권,1000763,서달로14길,21,7,14,0,1,4,5,8,3,0,0,1,2,2,2,0,1,3,3,6,1
2021,2,D,발달상권,1001062,서울 강남구 강남역_1,25938,14288,11650,88,6203,8644,6930,3220,853,23,2496,4807,4065,2245,652,65,3707,3837,2865,975,201
2021,2,D,발달상권,1001088,삼성역_1,18695,12565,6130,46,3102,6080,5006,2754,1707,11,1278,3732,3928,2304,1312,35,1824,2348,1078,450,395
2021,2,D,발달상권,1001091,삼성역_2,7062,3420,3642,99,1597,2230,1528,1086,522,37,550,1091,782,576,384,62,1047,1139,746,510,138
2021,2,D,발달상권,1001085,서울 서초구 강남역,19954,10752,9202,87,3785,5943,5391,3023,1725,20,1295,3113,3321,1925,1078,67,2490,2830,2070,1098,647
2021,2,A,골목상권,1000862,방배로18길,873,535,338,2,204,317,196,92,62,0,70,192,159,69,45,2,134,125,37,23,17
2021,2,A,골목상권,1000906,도산대로23길,425,176,249,0,64,130,144,68,19,0,22,54,61,27,12,0,42,76,83,41,7
2021,2,D,발달상권,1001140,서울 강남구 압구정역,9345,4345,5000,138,2196,2712,1783,1262,1254,52,770,1254,1093,579,597,86,1426,1458,690,683,657
2021,2,A,골목상권,1000938,학동로6길,1447,977,470,3,178,205,353,375,333,3,125,151,242,236,220,0,53,54,111,139,113
2021,2,A,골목상권,1000913,봉은사로29길,1860,1203,657,7,370,565,424,285,209,5,167,321,302,226,182,2,203,244,122,59,27
2021,2,A,골목상권,1000953,백제고분로50길,1209,796,413,1,162,369,347,203,127,1,78,251,246,132,88,0,84,118,101,71,39
2021,2,D,발달상권,1001130,청담역_1,4062,2913,1149,4,537,1316,1138,883,184,3,298,854,890,736,132,1,239,462,248,147,52
2021,2,A,골목상권,1000020,지봉로8길,183,90,93,0,31,43,41,44,24,0,6,21,19,25,19,0,25,22,22,19,5
2021,2,A,골목상권,1000010,성균관로5길,148,84,64,2,6,17,31,31,61,2,2,7,17,19,37,0,4,10,14,12,24
2021,2,A,골목상권,1000210,천호대로17길,2512,1893,619,13,465,723,603,428,280,7,362,536,460,315,213,6,103,187,143,113,67
2021,2,A,골목상권,1000355,도당로13가길,36,21,15,0,5,5,9,13,4,0,3,3,5,7,3,0,2,2,4,6,1
2021,2,D,발달상권,1001197,장한평역_2,1492,995,497,4,250,365,402,273,198,3,162,246,264,169,151,1,88,119,138,104,47
2021,2,A,골목상권,1000206,제기로21길,101,62,39,0,11,28,43,13,6,0,6,19,27,7,3,0,5,9,16,6,3
2021,2,A,골목상권,1000024,창신길,146,29,117,0,8,14,28,56,40,0,0,3,15,9,2,0,8,11,13,47,38
2021,2,D,발달상권,1001238,서울 동대문구 청량리역,776,413,363,3,124,115,138,181,215,2,54,61,67,97,132,1,70,54,71,84,83
2021,2,A,골목상권,1000941,동남로20길,2463,1773,690,12,396,645,578,528,304,10,278,477,407,368,233,2,118,168,171,160,71
2021,2,A,골목상권,1000970,고덕로61길,137,93,44,0,6,23,29,31,48,0,4,14,18,15,42,0,2,9,11,16,6
2021,2,A,골목상권,1000548,중앙로55길,592,261,331,1,41,96,161,178,115,1,23,57,79,64,37,0,18,39,82,114,78
2021,2,A,골목상권,1000940,거마로20길,503,229,274,1,93,136,147,101,25,0,31,65,68,49,16,1,62,71,79,52,9
2021,2,A,골목상권,1000978,상암로14길,432,261,171,0,49,109,126,86,62,0,24,63,72,52,50,0,25,46,54,34,12
2021,2,D,발달상권,1001097,잠실역 롯데월드,2247,1185,1062,70,1110,371,339,299,58,22,487,205,204,224,43,48,623,166,135,75,15
2021,2,A,골목상권,1000984,성안로3길,5508,4242,1266,4,648,735,788,1268,2065,3,484,560,605,951,1639,1,164,175,183,317,426
2021,2,A,골목상권,1001003,천호대로162길,286,149,137,1,36,60,71,60,58,0,20,22,28,38,41,1,16,38,43,22,17
2021,2,A,골목상권,1000968,고덕로10길,738,335,403,0,46,53,39,69,531,0,11,35,16,24,249,0,35,18,23,45,282
2021,2,A,골목상권,1000985,암사길,112,70,42,0,9,18,33,28,24,0,4,14,18,17,17,0,5,4,15,11,7
2021,2,D,발달상권,1001156,서울 강동구 길동역,2628,1190,1438,10,273,433,643,763,506,6,140,259,321,226,238,4,133,174,322,537,268
2021,2,A,골목상권,1000114,아차산로15길,3361,2374,987,11,591,881,893,595,390,0,335,634,661,420,324,11,256,247,232,175,66
2021,2,A,골목상권,1000033,다산로39길,39,19,20,0,2,3,6,16,12,0,0,1,0,10,8,0,2,2,6,6,4
2021,2,A,골목상권,1000032,다산로38길,674,311,363,2,139,174,176,116,67,1,35,63,92,74,46,1,104,111,84,42,21
2021,2,A,골목상권,1000028,난계로11길,255,170,85,0,44,57,59,57,38,0,21,34,46,38,31,0,23,23,13,19,7
2021,2,R,전통시장,1001302,면곡골목시장,49,35,14,0,8,8,7,18,8,0,6,8,5,10,6,0,2,0,2,8,2
2021,2,A,골목상권,1000253,사가정로42길,183,89,94,0,12,59,63,38,11,0,7,22,28,24,8,0,5,37,35,14,3
2021,2,A,골목상권,1000205,전농로4길,274,210,64,0,11,58,88,67,50,0,8,49,67,46,40,0,3,9,21,21,10
2021,2,A,골목상권,1000223,겸재로36길,134,60,74,0,22,24,29,35,24,0,1,12,14,20,13,0,21,12,15,15,11
2021,2,A,골목상권,1000304,종암로5길,404,201,203,0,32,119,152,82,19,0,13,47,77,56,8,0,19,72,75,26,11
2021,2,D,발달상권,1001155,용산 전자상가_5,1976,1461,515,8,368,701,562,250,87,7,247,537,422,179,69,1,121,164,140,71,18
2021,2,D,발달상권,1001147,용산 전자상가_2,392,317,75,12,75,123,122,45,15,10,67,99,93,36,12,2,8,24,29,9,3
2021,2,A,골목상권,1000082,한강대로7길,722,462,260,7,153,146,135,114,167,4,88,97,96,68,109,3,65,49,39,46,58
2021,2,A,골목상권,1000102,사근동길,78,48,30,2,10,24,19,15,8,2,6,13,12,9,6,0,4,11,7,6,2
2021,2,A,골목상권,1000175,답십리로64길,103,73,30,0,8,13,33,31,18,0,3,7,24,22,17,0,5,6,9,9,1
2021,2,A,골목상권,1000162,자양로50길,218,121,97,0,34,47,57,43,37,0,10,20,34,28,29,0,24,27,23,15,8
2021,2,A,골목상권,1000110,성수일로6길,1342,928,414,8,190,288,317,277,262,4,98,171,236,198,221,4,92,117,81,79,41
2021,2,A,골목상권,1000219,휘경로23길,89,56,33,0,15,16,34,16,8,0,5,13,21,9,8,0,10,3,13,7,0
2021,2,D,발달상권,1001194,서울 강서구 발산역,983,431,552,1,121,225,298,244,94,0,34,91,134,105,67,1,87,134,164,139,27
2021,2,R,전통시장,1001265,광장시장,444,301,143,0,39,73,92,123,117,0,22,41,68,77,93,0,17,32,24,46,24
2021,2,A,골목상권,1000833,청룡8길,222,53,169,0,28,63,63,50,18,0,5,18,8,12,10,0,23,45,55,38,8
2021,2,D,발달상권,1001215,서울 종로구 광화문역_1,12759,8498,4261,19,2101,4333,4038,1864,404,3,968,2698,2991,1519,319,16,1133,1635,1047,345,85
2021,2,A,골목상권,1000047,퇴계로56길,569,424,145,0,60,157,199,97,56,0,30,112,160,77,45,0,30,45,39,20,11
2021,2,D,발달상권,1001192,서울 중구 충무로역_1,3743,2160,1583,3,569,927,1190,778,276,2,251,542,639,531,195,1,318,385,551,247,81
2021,2,D,발달상권,1001205,동대문역사문화공원역,3166,2548,618,0,385,890,987,596,308,0,324,761,830,438,195,0,61,129,157,158,113
2021,2,A,골목상권,1000042,청구로17길,485,306,179,0,57,91,127,130,80,0,33,62,72,88,51,0,24,29,55,42,29
2021,2,A,골목상권,1000043,청구로1길,108,72,36,0,2,14,29,43,20,0,1,4,18,35,14,0,1,10,11,8,6
2021,2,A,골목상권,1000060,소월로20길,151,76,75,0,28,48,37,30,8,0,8,24,17,20,7,0,20,24,20,10,1
2021,2,A,골목상권,1000248,면목로78길,93,44,49,0,9,22,28,17,17,0,4,8,9,10,13,0,5,14,19,7,4
2021,2,A,골목상권,1000222,겸재로29길,126,74,52,0,24,21,24,29,28,0,14,8,12,20,20,0,10,13,12,9,8
2021,2,R,전통시장,1001287,신흥시장,4,1,3,0,0,2,0,2,0,0,0,1,0,0,0,0,0,1,0,2,0
2021,2,D,발달상권,1001168,남영역,4055,2796,1259,20,750,1490,1024,556,215,8,370,894,831,509,184,12,380,596,193,47,31
2021,2,A,골목상권,1000103,상원12길,398,238,160,0,100,141,95,33,29,0,44,89,63,16,26,0,56,52,32,17,3
2021,2,R,전통시장,1001298,성동용답상가시장,66,33,33,0,5,10,20,21,10,0,1,6,6,13,7,0,4,4,14,8,3
2021,2,A,골목상권,1000099,무학로6길,1897,382,1515,4,381,232,304,595,381,0,109,92,84,68,29,4,272,140,220,527,352
2021,2,D,발달상권,1001195,왕십리역_2,233,102,131,1,51,50,45,45,41,0,16,21,21,19,25,1,35,29,24,26,16
2021,2,A,골목상권,1000125,한림말3길,3329,1128,2201,0,961,1041,714,416,197,0,199,326,315,195,93,0,762,715,399,221,104
2021,2,A,골목상권,1000153,아차산로55길,243,150,93,0,31,67,67,38,40,0,13,35,45,28,29,0,18,32,22,10,11
2021,2,R,전통시장,1001304,자양골목시장,54,36,18,0,7,17,14,9,7,0,5,12,9,6,4,0,2,5,5,3,3
2021,2,A,골목상권,1000252,봉화산로56길,649,289,360,0,70,101,115,213,150,0,21,50,53,81,84,0,49,51,62,132,66
2021,2,A,골목상권,1000255,신내로7가길,276,115,161,1,52,59,80,71,13,0,25,21,26,32,11,1,27,38,54,39,2
2021,2,A,골목상권,1000268,동소문로13길,572,285,287,2,91,115,136,116,112,1,42,60,76,57,49,1,49,55,60,59,63
2021,2,A,골목상권,1000317,노해로33길,84,30,54,0,8,16,26,27,7,0,1,5,5,12,7,0,7,11,21,15,0
2021,2,A,골목상권,1000332,삼양로54길,295,66,229,0,13,17,34,43,188,0,3,9,15,11,28,0,10,8,19,32,160
2021,2,A,골목상권,1000225,공릉로12가길,75,50,25,0,6,17,16,19,17,0,5,9,7,15,14,0,1,8,9,4,3
2021,2,A,골목상권,1000266,돌곶이로41길,40,13,27,0,1,11,10,16,2,0,1,2,3,6,1,0,0,9,7,10,1
2021,2,A,골목상권,1000302,종암로21길,550,344,206,2,84,128,136,156,44,0,45,73,83,108,35,2,39,55,53,48,9
2021,2,A,골목상권,1000303,종암로24가길,81,18,63,0,22,18,20,15,6,0,2,2,5,5,4,0,20,16,15,10,2
2021,2,R,전통시장,1001339,정릉아리랑시장,22,7,15,0,1,7,8,5,1,0,0,2,1,3,1,0,1,5,7,2,0
2021,2,R,전통시장,1001342,밤나무골시장,17,5,12,0,2,4,6,4,1,0,1,1,2,1,0,0,1,3,4,3,1
2021,2,A,골목상권,1000310,화랑로14길,99,73,26,0,7,18,25,31,18,0,6,10,15,26,16,0,1,8,10,5,2
2021,2,A,골목상권,1000271,동소문로2길,53,21,32,1,10,6,11,16,9,1,2,3,4,5,6,0,8,3,7,11,3
2021,2,A,골목상권,1000314,화랑로40길,71,46,25,1,10,16,19,14,11,0,7,7,10,11,11,1,3,9,9,3,0
2021,2,A,골목상권,1000308,한천로76길,132,100,32,0,7,7,31,47,40,0,4,5,15,39,37,0,3,2,16,8,3
2021,2,A,골목상권,1000262,돌곶이로14길,77,58,19,0,5,13,11,20,28,0,4,6,8,15,25,0,1,7,3,5,3
2021,2,R,전통시장,1001355,강북종합시장,23,9,14,0,1,1,7,10,4,0,1,0,2,4,2,0,0,1,5,6,2
2021,2,A,골목상권,1000456,홍연길,79,47,32,0,7,9,26,23,14,0,4,3,17,13,10,0,3,6,9,10,4
2021,2,A,골목상권,1000451,충정로4길,2044,1298,746,0,245,537,563,416,283,0,157,343,362,263,173,0,88,194,201,153,110
2021,2,A,골목상권,1000475,망원로11길,144,73,71,0,9,24,43,40,28,0,3,9,21,22,18,0,6,15,22,18,10
2021,2,A,골목상권,1000501,월드컵로25길,309,125,184,0,36,54,91,81,47,0,14,21,38,32,20,0,22,33,53,49,27
2021,2,A,골목상권,1000460,대흥로28길,50,17,33,0,6,11,9,17,7,0,0,4,3,6,4,0,6,7,6,11,3
2021,2,A,골목상권,1000482,성미산로1길,554,299,255,1,88,143,160,100,62,1,35,85,91,54,33,0,53,58,69,46,29
2021,2,A,골목상권,1000464,독막로32길,487,240,247,5,83,113,131,119,36,5,46,70,54,35,30,0,37,43,77,84,6
2021,2,A,골목상권,1000497,월드컵로10길,1102,654,448,5,220,292,283,208,94,3,90,170,183,142,66,2,130,122,100,66,28
2021,2,A,골목상권,1000470,동교로38길,464,247,217,1,52,132,156,71,52,1,23,57,106,30,30,0,29,75,50,41,22
2021,2,D,발달상권,1001184,서울 마포구 홍대입구역_3,659,386,273,1,102,136,182,138,100,1,33,83,109,92,68,0,69,53,73,46,32
2021,2,A,골목상권,1000490,신촌로30길,109,64,45,0,11,28,27,17,26,0,8,23,10,4,19,0,3,5,17,13,7
2021,2,A,골목상권,1000502,월드컵로36길,461,286,175,0,32,96,140,131,62,0,11,54,79,92,50,0,21,42,61,39,12
2021,2,D,발달상권,1001239,디지털미디어시티,6727,3880,2847,19,1352,2498,2095,617,146,11,642,1464,1231,421,111,8,710,1034,864,196,35
2021,2,A,골목상권,1000695,대림로34길,201,139,62,0,19,27,56,67,32,0,15,16,40,41,27,0,4,11,16,26,5
2021,2,D,발달상권,1001171,서울 마포구 공덕역_2,3697,2404,1293,9,703,874,1094,916,101,1,276,466,760,822,79,8,427,408,334,94,22
2021,2,D,발달상권,1001139,서울 영등포구 영등포구청역,449,275,174,0,51,101,114,93,90,0,19,51,77,63,65,0,32,50,37,30,25
2021,2,A,골목상권,1000725,여의대방로61길,514,400,114,1,71,136,151,67,88,1,49,108,113,49,80,0,22,28,38,18,8
2021,2,A,골목상권,1000704,도신로29길,108,49,59,2,8,10,19,32,37,2,5,7,11,8,16,0,3,3,8,24,21
2021,2,A,골목상권,1000781,관악로14길,109,42,67,0,8,16,30,31,24,0,5,3,5,15,14,0,3,13,25,16,10
2021,2,A,골목상권,1000687,국회대로56길,3275,1590,1685,11,1017,864,657,456,270,6,291,404,382,299,208,5,726,460,275,157,62
2021,2,D,발달상권,1001124,서울 영등포구 영등포시장역,411,246,165,6,70,66,92,104,73,2,25,34,56,71,58,4,45,32,36,33,15
2021,2,A,골목상권,1000825,은천로25길,44,21,23,0,5,1,14,15,9,0,1,0,8,8,4,0,4,1,6,7,5
2021,2,A,골목상권,1000791,난곡로34길,47,19,28,0,10,5,13,9,10,0,0,1,5,5,8,0,10,4,8,4,2
2021,2,R,전통시장,1001453,낙성대시장,10,6,4,0,4,0,3,1,2,0,4,0,0,1,1,0,0,0,3,0,1
2021,2,R,전통시장,1001458,인헌시장,122,46,76,0,20,27,37,24,14,0,3,9,14,12,8,0,17,18,23,12,6
2021,2,A,골목상권,1000840,양산길,11,3,8,0,1,1,4,4,1,0,1,0,1,1,0,0,0,1,3,3,1
2021,2,R,전통시장,1001359,창동신창시장,104,40,64,0,2,21,32,29,20,0,0,7,14,8,11,0,2,14,18,21,9
2021,2,R,전통시장,1001318,청량리전통시장,9,7,2,0,0,0,1,5,3,0,0,0,1,4,2,0,0,0,0,1,1
2021,2,D,발달상권,1001128,청담사거리_1,529,295,234,0,153,172,97,61,46,0,46,102,70,40,37,0,107,70,27,21,9
2021,2,A,골목상권,1000939,학동로77길,1851,1119,732,6,381,700,403,247,114,2,173,446,262,158,78,4,208,254,141,89,36
2021,2,A,골목상권,1000918,삼성로147길,190,88,102,0,51,56,34,25,24,0,12,31,19,12,14,0,39,25,15,13,10
2021,2,D,발달상권,1001094,선정릉역_1,2392,1492,900,10,559,766,516,304,237,4,250,435,381,213,209,6,309,331,135,91,28
2021,2,D,발달상권,1001225,신설동역,118,54,64,0,4,24,33,31,26,0,3,9,10,14,18,0,1,15,23,17,8
2021,2,D,발달상권,1001084,서울 강남구 선릉역_1,21572,9107,12465,49,5651,5960,4971,3383,1558,20,2281,2934,2129,957,786,29,3370,3026,2842,2426,772
2021,2,D,발달상권,1001065,은마아파트입구사거리_1,277,92,185,2,39,62,85,61,28,0,9,26,23,22,12,2,30,36,62,39,16
2021,2,R,전통시장,1001475,강남개포시장,138,84,54,0,15,20,34,37,32,0,4,5,20,31,24,0,11,15,14,6,8
2021,2,A,골목상권,1000365,도봉로169나길,244,184,60,1,6,17,23,103,94,1,2,7,14,80,80,0,4,10,9,23,14
2021,2,A,골목상권,1000008,북촌로5나길,234,113,121,0,47,72,46,35,34,0,13,26,26,24,24,0,34,46,20,11,10
2021,2,A,골목상권,1000368,도봉산길,135,64,71,0,15,25,35,30,30,0,3,8,18,14,21,0,12,17,17,16,9
2021,2,D,발달상권,1001193,장한평역_1,1129,748,381,9,71,173,200,159,517,6,24,91,123,104,400,3,47,82,77,55,117
2021,2,R,전통시장,1001325,청량리청과물시장,12,9,3,0,0,1,4,2,5,0,0,1,2,1,5,0,0,0,2,1,0
2021,2,A,골목상권,1000009,삼청로5길,2703,2626,77,1,341,605,820,760,176,0,318,588,805,745,170,1,23,17,15,15,6
2021,2,R,전통시장,1001272,신설종합시장,50,37,13,1,1,10,12,13,13,0,0,9,10,10,8,1,1,1,2,3,5
2021,2,R,전통시장,1001367,상계중앙시장,105,59,46,1,17,22,21,28,16,1,11,15,9,15,8,0,6,7,12,13,8
2021,2,A,골목상권,1000869,서초대로15길,467,253,214,5,84,80,111,114,73,2,37,44,67,66,37,3,47,36,44,48,36
2021,2,D,발달상권,1001034,서울 서초구 방배역,1690,910,780,8,419,514,370,225,154,0,149,295,241,125,100,8,270,219,129,100,54
2021,2,A,골목상권,1000549,지양로7길,245,105,140,0,21,64,59,55,46,0,5,31,21,18,30,0,16,33,38,37,16
2021,2,D,발달상권,1001081,서울 강남구 역삼역_2,19179,15530,3649,7,3451,6390,5378,3496,457,2,2121,4943,4759,3325,380,5,1330,1447,619,171,77
2021,2,A,골목상권,1000405,연서로28길,226,118,108,2,43,53,52,45,31,1,14,32,25,28,18,1,29,21,27,17,13
2021,2,A,골목상권,1000397,수색로18길,128,93,35,0,11,15,39,43,20,0,6,11,28,30,18,0,5,4,11,13,2
2021,2,A,골목상권,1000215,한천로33길,203,76,127,0,12,21,76,76,18,0,10,11,26,17,12,0,2,10,50,59,6
2021,2,A,골목상권,1000619,경인로35길,364,232,132,0,42,115,97,76,34,0,17,83,58,44,30,0,25,32,39,32,4
2021,2,A,골목상권,1000516,남부순환로79길,142,74,68,0,17,21,24,40,40,0,5,10,8,21,30,0,12,11,16,19,10
2021,2,R,전통시장,1001369,갈현시장,287,186,101,3,77,126,59,16,6,2,43,92,37,7,5,1,34,34,22,9,1
2021,2,D,발달상권,1001254,서울 은평구 연신내역_2,555,168,387,2,155,131,133,88,46,1,26,36,38,34,33,1,129,95,95,54,13
2021,2,A,골목상권,1000412,은평로10길,246,148,98,1,14,29,40,49,113,0,8,9,16,28,87,1,6,20,24,21,26
2021,2,A,골목상권,1000593,양천로24길,186,100,86,1,31,37,47,40,30,1,10,21,24,20,24,0,21,16,23,20,6
2021,2,A,골목상권,1000415,은평로3길,242,110,132,0,26,61,73,49,33,0,8,23,38,23,18,0,18,38,35,26,15
2021,2,A,골목상권,1000423,증산로15길,398,297,101,0,76,95,76,84,67,0,68,77,51,46,55,0,8,18,25,38,12
2021,2,A,골목상권,1000410,연서로41길,64,33,31,0,3,9,18,27,7,0,1,3,7,16,6,0,2,6,11,11,1
2021,2,D,발달상권,1001136,오목교역,125,72,53,0,15,24,34,20,32,0,7,15,17,11,22,0,8,9,17,9,10
2021,2,A,골목상권,1000526,목동중앙본로7길,131,70,61,0,19,29,29,34,20,0,11,14,9,19,17,0,8,15,20,15,3
2021,2,R,전통시장,1001398,월정로시장,61,42,19,0,4,16,16,17,8,0,0,11,10,14,7,0,4,5,6,3,1
2021,2,A,골목상권,1000508,곰달래로10길,543,449,94,2,30,56,134,232,89,1,20,42,109,195,82,1,10,14,25,37,7
2021,2,A,골목상권,1000545,중앙로45길,1386,1342,44,0,14,19,51,173,1129,0,9,11,35,164,1123,0,5,8,16,9,6
2021,2,A,골목상권,1000522,목동로9길,768,479,289,0,60,160,149,182,217,0,20,88,86,135,150,0,40,72,63,47,67
2021,2,A,골목상권,1000567,개화동로23길,857,669,188,0,74,126,199,192,266,0,33,82,143,161,250,0,41,44,56,31,16
2021,2,A,골목상권,1000610,개봉로17길,1304,418,886,3,198,196,369,425,113,1,111,105,82,70,49,2,87,91,287,355,64
2021,2,A,골목상권,1000577,공항대로59길,654,454,200,1,78,129,159,159,128,1,30,86,105,122,110,0,48,43,54,37,18
2021,2,A,골목상권,1000565,강서로5라길,245,176,69,0,24,53,64,67,37,0,19,35,45,46,31,0,5,18,19,21,6
2021,2,A,골목상권,1000199,장한로27가길,148,81,67,0,29,32,22,32,33,0,18,25,13,10,15,0,11,7,9,22,18
2021,2,R,전통시장,1001411,남부골목시장,156,58,98,0,22,27,45,41,21,0,5,4,14,18,17,0,17,23,31,23,4
2021,2,A,골목상권,1000555,강서로17가길,554,386,168,0,22,50,120,256,106,0,7,21,63,208,87,0,15,29,57,48,19
2021,2,A,골목상권,1000649,신도림로13길,148,100,48,1,18,30,33,40,26,1,8,20,22,30,19,0,10,10,11,10,7
2021,2,A,골목상권,1000641,도림로6길,160,93,67,0,30,40,43,28,19,0,20,22,25,16,10,0,10,18,18,12,9
2021,2,A,골목상권,1000569,곰달래로25길,245,139,106,0,37,27,45,84,52,0,19,16,33,53,18,0,18,11,12,31,34
2021,2,U,관광특구,1001492,명동 남대문 북창동 다동 무교동 관광특구,104830,53674,51156,423,27134,34007,23384,15726,4156,137,8860,16080,15133,10824,2640,286,18274,17927,8251,4902,1516
2021,2,A,골목상권,1000655,가산로5길,499,350,149,2,64,95,153,124,61,2,49,74,111,67,47,0,15,21,42,57,14
2021,2,D,발달상권,1001078,서울 강남구 강남역_2,9449,4629,4820,28,2791,3376,1834,974,446,8,772,1658,1221,693,277,20,2019,1718,613,281,169
2021,2,A,골목상권,1000859,마방로2길,3582,2570,1012,20,575,1020,900,645,422,16,347,760,672,445,330,4,228,260,228,200,92
2021,2,D,발달상권,1001076,구로역,201,101,100,0,47,52,53,30,19,0,20,30,28,13,10,0,27,22,25,17,9
2021,2,A,골목상권,1000634,구로중앙로28길,470,226,244,0,60,87,127,137,59,0,28,38,62,67,31,0,32,49,65,70,28
2021,2,A,골목상권,1000633,구로중앙로19길,666,398,268,1,132,256,164,77,36,0,39,154,115,60,30,1,93,102,49,17,6
2021,2,A,골목상권,1000735,국사봉길,138,79,59,0,6,30,44,35,23,0,2,15,20,25,17,0,4,15,24,10,6
2021,2,A,골목상권,1000674,시흥대로150길,421,278,143,1,82,92,94,83,69,0,43,62,70,53,50,1,39,30,24,30,19
2021,2,A,골목상권,1000679,시흥대로63길,1016,542,474,7,306,377,196,85,45,2,149,224,92,49,26,5,157,153,104,36,19
2021,2,A,골목상권,1000760,상도로61길,187,67,120,0,10,51,57,46,23,0,2,14,22,11,18,0,8,37,35,35,5
2021,2,R,전통시장,1001446,성대시장,141,55,86,0,13,25,36,47,20,0,3,10,13,17,12,0,10,15,23,30,8
2021,2,A,골목상권,1000769,양녕로26길,92,49,43,1,17,13,20,24,17,0,5,6,12,13,13,1,12,7,8,11,4
2021,2,A,골목상권,1000747,사당로16가길,237,147,90,1,39,74,56,36,31,0,19,41,34,26,27,1,20,33,22,10,4
2021,2,A,골목상권,1000774,여의대방로46길,1238,733,505,4,179,331,335,206,183,3,100,220,200,110,100,1,79,111,135,96,83
2021,2,A,골목상권,1000768,신대방길,191,90,101,0,23,50,60,30,28,0,6,17,30,18,19,0,17,33,30,12,9
2021,2,D,발달상권,1001048,뱅뱅사거리,7114,4891,2223,10,2469,2239,1346,623,427,1,1628,1518,1004,443,297,9,841,721,342,180,130
2021,2,A,골목상권,1000855,동광로39길,1227,825,402,6,179,328,402,245,67,2,82,208,299,185,49,4,97,120,103,60,18
2021,2,A,골목상권,1000874,서초대로8길,2598,644,1954,8,633,729,658,355,215,0,150,169,122,99,104,8,483,560,536,256,111
2021,2,D,발달상권,1001043,동작구 총신대입구역_2,1633,741,892,7,182,310,326,418,390,5,69,155,176,153,183,2,113,155,150,265,207
2021,2,A,골목상권,1000870,서초대로23길,2098,1239,859,3,439,633,477,297,249,2,200,388,311,176,162,1,239,245,166,121,87
2021,2,A,골목상권,1000853,동광로12길,1237,610,627,2,368,326,260,182,99,0,123,167,133,115,72,2,245,159,127,67,27
2021,2,A,골목상권,1000887,강남대로136길,5070,3655,1415,10,1201,1935,1121,614,189,6,702,1417,905,490,135,4,499,518,216,124,54
2021,2,D,발달상권,1001029,양재역_1,515,305,210,23,75,151,116,89,61,14,33,97,72,58,31,9,42,54,44,31,30
2021,2,D,발달상권,1001115,서울 강남구 강남구청역_2,3172,1916,1256,17,885,955,754,304,257,3,319,582,574,229,209,14,566,373,180,75,48
2021,2,A,골목상권,1000936,학동로38길,1862,891,971,5,531,646,410,176,94,1,131,304,246,137,72,4,400,342,164,39,22
2021,2,D,발달상권,1001066,서울 강남구 강남역,27566,14310,13256,74,6880,9161,6519,3589,1343,29,2550,4819,3924,2047,941,45,4330,4342,2595,1542,402
2021,2,A,골목상권,1000025,통일로12길,13,6,7,0,2,3,3,3,2,0,1,1,1,2,1,0,1,2,2,1,1
2021,2,A,골목상권,1000278,삼선교로10길,186,110,76,2,15,35,53,49,32,0,10,17,26,33,24,2,5,18,27,16,8
2021,2,A,골목상권,1000321,도봉로18길,225,182,43,5,7,27,53,67,66,5,2,19,39,55,62,0,5,8,14,12,4
2021,2,A,골목상권,1000211,천호대로45길,47,38,9,0,1,13,20,8,5,0,0,11,17,6,4,0,1,2,3,2,1
2021,2,A,골목상권,1000371,방학로5길,124,87,37,0,13,21,38,33,19,0,7,16,28,23,13,0,6,5,10,10,6
2021,2,A,골목상권,1000943,백제고분로21길,483,309,174,0,64,145,121,93,60,0,29,93,78,66,43,0,35,52,43,27,17
2021,2,R,전통시장,1001479,석촌시장,286,99,187,0,31,57,96,57,45,0,9,12,32,20,26,0,22,45,64,37,19
2021,2,A,골목상권,1000979,상암로4길,232,147,85,0,18,61,69,50,34,0,9,45,42,25,26,0,9,16,27,25,8
2021,2,R,전통시장,1001482,고덕전통시장,935,850,85,0,8,37,165,395,330,0,4,31,147,360,308,0,4,6,18,35,22
2021,2,A,골목상권,1000989,양재대로133길,189,122,67,0,13,43,54,56,23,0,8,31,30,37,16,0,5,12,24,19,7
2021,2,A,골목상권,1000993,올림픽로48길,1847,1272,575,29,211,407,407,305,488,11,109,287,286,214,365,18,102,120,121,91,123
2021,2,A,골목상권,1001009,천호옛길,420,288,132,0,84,94,82,78,82,0,58,67,57,45,61,0,26,27,25,33,21
2021,2,A,골목상권,1000999,진황도로27길,298,174,124,1,41,80,72,67,37,1,17,42,47,39,28,0,24,38,25,28,9
2021,2,R,전통시장,1001483,암사종합시장,95,53,42,0,8,18,33,20,16,0,4,9,18,10,12,0,4,9,15,10,4
2021,2,R,전통시장,1001490,길동복조리시장,430,242,188,4,47,66,97,133,83,2,21,39,59,74,47,2,26,27,38,59,36
2021,2,R,전통시장,1001486,동서울시장,5,3,2,0,0,0,1,1,3,0,0,0,0,1,2,0,0,0,1,0,1
2021,2,A,골목상권,1000987,양재대로116길,75,41,34,0,5,14,16,12,28,0,2,5,9,8,17,0,3,9,7,4,11
2021,2,R,전통시장,1001293,보광시장,31,12,19,0,0,6,10,13,2,0,0,3,4,4,1,0,0,3,6,9,1
2021,2,A,골목상권,1000131,광나루로40길,242,128,114,0,44,44,67,56,31,0,14,18,34,35,27,0,30,26,33,21,4
2021,2,A,골목상권,1000275,보문로26길,134,62,72,0,19,23,41,32,19,0,2,9,18,18,15,0,17,14,23,14,4
2021,2,R,전통시장,1001331,면목골목시장,45,21,24,0,1,3,15,20,6,0,1,2,8,6,4,0,0,1,7,14,2
2021,2,D,발달상권,1001243,서울 성북구 안암역,59,28,31,1,12,16,12,8,10,0,5,9,7,2,5,1,7,7,5,6,5
2021,2,A,골목상권,1000345,인수봉로79길,242,153,89,0,40,74,66,41,21,0,21,60,45,14,13,0,19,14,21,27,8
2021,2,A,골목상권,1000504,월드컵로8길,939,462,477,2,149,198,218,198,174,1,60,93,106,107,95,1,89,105,112,91,79
2021,2,A,골목상권,1000437,명지대길,107,58,49,0,16,26,19,31,15,0,7,16,7,17,11,0,9,10,12,14,4
2021,2,A,골목상권,1000489,신촌로28가길,59,19,40,0,17,15,10,11,6,0,2,3,3,7,4,0,15,12,7,4,2
2021,2,A,골목상권,1000095,마조로16길,155,93,62,0,19,29,35,46,26,0,5,17,19,33,19,0,14,12,16,13,7
2021,2,A,골목상권,1000161,자양로45길,448,184,264,1,67,86,153,110,31,0,20,45,60,42,17,1,47,41,93,68,14
2021,2,R,전통시장,1001364,방학동도깨비시장,39,16,23,0,2,6,12,12,7,0,0,1,5,8,2,0,2,5,7,4,5
2021,2,D,발달상권,1001212,서대문구 서대문역_1,99,67,32,1,10,20,24,28,16,1,4,10,17,19,16,0,6,10,7,9,0
2021,2,A,골목상권,1000167,천호대로129길,344,207,137,0,37,51,84,93,79,0,18,35,51,47,56,0,19,16,33,46,23
2021,2,D,발달상권,1001162,서울 광진구 건대입구역_1,109,52,57,0,8,18,29,24,30,0,2,6,12,10,22,0,6,12,17,14,8
2021,2,R,전통시장,1001297,뚝도시장,45,17,28,1,3,10,9,11,11,0,0,2,4,5,6,1,3,8,5,6,5
2021,2,A,골목상권,1000106,성덕정17길,393,244,149,4,59,82,82,93,73,4,36,55,51,53,45,0,23,27,31,40,28
2021,2,D,발달상권,1001158,당산역_2,1429,1069,360,0,119,167,235,300,608,0,81,117,157,228,486,0,38,50,78,72,122
2021,2,A,골목상권,1000808,법원단지9길,163,102,61,0,19,35,33,49,27,0,7,25,19,31,20,0,12,10,14,18,7
2021,2,A,골목상권,1000083,한강대로88길,224,138,86,0,26,67,46,49,36,0,23,63,25,14,13,0,3,4,21,35,23
2021,2,A,골목상권,1000129,광나루로36길,412,169,243,1,56,102,103,110,40,1,18,45,41,33,31,0,38,57,62,77,9
2021,2,D,발달상권,1001188,장충동 족발거리,2100,985,1115,12,557,716,521,206,88,0,101,354,339,143,48,12,456,362,182,63,40
2021,2,R,전통시장,1001292,이태원제일시장,2,1,1,0,0,0,0,2,0,0,0,0,0,1,0,0,0,0,0,1,0
2021,2,R,전통시장,1001285,합동(새벽)시장,365,209,156,0,60,153,107,41,4,0,15,80,74,38,2,0,45,73,33,3,2
2021,2,A,골목상권,1000116,왕십리로14길,997,776,221,0,81,112,200,271,333,0,33,77,137,226,303,0,48,35,63,45,30
2021,2,R,전통시장,1001330,동원시장,224,109,115,0,24,37,49,82,32,0,11,17,21,38,22,0,13,20,28,44,10
2021,2,A,골목상권,1000051,녹사평대로26길,494,230,264,3,187,187,67,32,18,2,55,96,49,17,11,1,132,91,18,15,7
2021,2,A,골목상권,1000118,왕십리로26길,2076,1357,719,10,306,454,471,480,355,1,118,306,356,355,221,9,188,148,115,125,134
2021,2,D,발달상권,1001190,장한평역,3644,2178,1466,29,1038,1026,646,552,353,1,444,680,421,350,282,28,594,346,225,202,71
2021,2,A,골목상권,1000249,봉우재로33길,150,59,91,1,27,29,43,29,21,0,7,10,21,10,11,1,20,19,22,19,10
2021,2,A,골목상권,1000230,동일로112길,193,120,73,0,18,29,52,46,48,0,10,10,31,32,37,0,8,19,21,14,11
2021,2,A,골목상권,1000154,아차산로65길,357,214,143,1,44,80,107,78,47,0,21,46,57,54,36,1,23,34,50,24,11
2021,2,R,전통시장,1001308,영동교골목시장,41,30,11,0,8,12,3,8,10,0,3,12,1,6,8,0,5,0,2,2,2
2021,2,A,골목상권,1000296,장위로50길,343,160,183,5,71,71,81,81,34,1,28,34,40,35,22,4,43,37,41,46,12
2021,2,A,골목상권,1000261,길음로7길,14,5,9,0,1,1,7,1,4,0,0,0,1,1,3,0,1,1,6,0,1
2021,2,R,전통시장,1001354,우이시장,69,61,8,0,7,7,19,20,16,0,6,6,17,17,15,0,1,1,2,3,1
2021,2,A,골목상권,1000341,오패산로52길,105,47,58,0,7,14,34,37,13,0,3,8,19,14,3,0,4,6,15,23,10
2021,2,R,전통시장,1001336,우림골목시장,344,118,226,2,85,71,81,68,37,0,29,11,36,22,20,2,56,60,45,46,17
2021,2,R,전통시장,1001337,유영시장,31,20,11,0,9,5,3,8,6,0,7,2,2,5,4,0,2,3,1,3,2
2021,2,A,골목상권,1000264,돌곶이로27길,103,59,44,0,12,20,26,24,21,0,4,11,17,14,13,0,8,9,9,10,8
2021,2,A,골목상권,1000305,지봉로20길,3780,3162,618,0,367,1434,708,813,458,0,254,1273,655,694,286,0,113,161,53,119,172
2021,2,A,골목상권,1000318,덕릉로40길,187,95,92,0,33,34,45,56,19,0,16,26,24,19,10,0,17,8,21,37,9
2021,2,A,골목상권,1000283,솔샘로6길,74,48,26,0,7,19,28,13,7,0,4,15,16,8,5,0,3,4,12,5,2
2021,2,D,발달상권,1001247,미아사거리_2,102,47,55,2,17,25,31,17,10,2,4,10,19,8,4,0,13,15,12,9,6
2021,2,A,골목상권,1000265,돌곶이로28길,222,96,126,0,38,36,47,59,42,0,8,19,23,21,25,0,30,17,24,38,17
2021,2,D,발달상권,1001256,서울 강북구 수유역_1,831,408,423,0,84,98,137,212,300,0,18,43,70,111,166,0,66,55,67,101,134
2021,2,A,골목상권,1000324,도봉로76길,311,138,173,0,36,29,68,76,102,0,7,12,26,33,60,0,29,17,42,43,42
2021,2,R,전통시장,1001377,영천시장,35,19,16,0,1,4,15,10,5,0,0,3,7,5,4,0,1,1,8,5,1
2021,2,A,골목상권,1000323,도봉로67길,116,57,59,1,13,16,34,35,17,0,6,7,19,16,9,1,7,9,15,19,8
2021,2,A,골목상권,1000446,응암로1길,621,380,241,4,102,134,159,150,72,1,38,73,85,125,58,3,64,61,74,25,14
2021,2,R,전통시장,1001382,백련시장,5,3,2,0,0,1,0,2,2,0,0,1,0,0,2,0,0,0,0,2,0
2021,2,R,전통시장,1001378,아현가구거리상점가,45,22,23,0,6,8,9,9,13,0,0,4,5,4,9,0,6,4,4,5,4
2021,2,A,골목상권,1000483,성미산로32길,243,172,71,2,76,80,51,20,14,2,47,62,38,13,10,0,29,18,13,7,4
2021,2,A,골목상권,1000804,당곡길,227,117,110,0,43,41,56,58,29,0,26,18,26,28,19,0,17,23,30,30,10
2021,2,A,골목상권,1000835,청림3길,167,58,109,0,43,42,32,33,17,0,8,13,16,10,11,0,35,29,16,23,6
2021,2,A,골목상권,1000499,월드컵로16길,1538,929,609,0,128,187,297,252,674,0,58,76,99,104,592,0,70,111,198,148,82
2021,2,A,골목상권,1000495,와우산로29길,78,30,48,0,20,13,13,21,11,0,2,3,7,9,9,0,18,10,6,12,2
2021,2,R,전통시장,1001385,아현시장,803,430,373,2,279,327,127,43,25,1,113,190,78,32,16,1,166,137,49,11,9
2021,2,A,골목상권,1000836,행운1길,250,151,99,0,59,67,50,55,19,0,34,29,31,40,17,0,25,38,19,15,2
2021,2,D,발달상권,1001132,영등포유통상가,1504,962,542,0,141,324,377,305,357,0,75,184,247,208,248,0,66,140,130,97,109
2021,2,A,골목상권,1000721,양평로28길,847,707,140,1,60,160,212,238,176,1,43,119,178,209,157,0,17,41,34,29,19
2021,2,A,골목상권,1000816,신림로11길,284,183,101,1,37,67,71,58,50,1,17,40,50,35,40,0,20,27,21,23,10
2021,2,D,발달상권,1001116,영등포역_1,77,27,50,0,7,10,13,24,23,0,0,5,7,9,6,0,7,5,6,15,17
2021,2,A,골목상권,1000722,여의대방로35길,197,65,132,1,27,55,49,39,26,1,8,10,15,14,17,0,19,45,34,25,9
2021,2,A,골목상권,1000686,경인로90길,282,210,72,0,36,41,47,83,75,0,13,30,32,66,69,0,23,11,15,17,6
2021,2,R,전통시장,1001433,영일시장,155,115,40,1,18,41,43,36,16,0,7,30,37,27,14,1,11,11,6,9,2
2021,2,A,골목상권,1000786,구암길,228,72,156,0,25,51,70,60,22,0,9,21,15,14,13,0,16,30,55,46,9
2021,2,A,골목상권,1000168,경희대로3길,28,16,12,0,9,4,5,4,6,0,4,3,2,3,4,0,5,1,3,1,2
2021,2,D,발달상권,1001069,은마아파트입구사거리_3,103,45,58,1,16,25,30,21,10,0,2,10,17,9,7,1,14,15,13,12,3
2021,2,D,발달상권,1001047,뱅뱅사거리_1,4820,3658,1162,22,864,1522,1100,960,352,20,516,1148,918,778,278,2,348,374,182,182,74
2021,2,D,발달상권,1001054,서울 강남구 대치역_2,1139,629,510,0,124,418,352,147,98,0,32,203,214,95,85,0,92,215,138,52,13
2021,2,U,관광특구,1001496,강남 마이스 관광특구,15904,8904,7000,59,3513,6185,4248,1596,303,25,1160,3361,2887,1246,225,34,2353,2824,1361,350,78
2021,2,D,발달상권,1001099,포스코사거리_2,16526,9641,6885,35,3383,5942,3993,2176,997,22,1593,3762,2691,1088,485,13,1790,2180,1302,1088,512
2021,2,D,발달상권,1001089,삼정역_1,2277,1123,1154,0,557,776,538,261,145,0,144,352,350,163,114,0,413,424,188,98,31
2021,2,A,골목상권,1000892,개포로82길,103,51,52,0,6,26,23,29,19,0,1,10,15,13,12,0,5,16,8,16,7
2021,2,A,골목상권,1000366,도봉로181길,93,30,63,0,13,12,35,22,11,0,1,6,11,8,4,0,12,6,24,14,7
2021,2,A,골목상권,1000381,동일로242길,302,142,160,0,9,25,50,55,163,0,7,12,33,28,62,0,2,13,17,27,101
2021,2,D,발달상권,1001261,서울 노원구 노원역_1,336,86,250,2,105,65,69,48,47,0,17,12,23,19,15,2,88,53,46,29,32
2021,2,A,골목상권,1000181,망우로21길,96,67,29,0,13,9,18,27,29,0,7,8,10,16,26,0,6,1,8,11,3
2021,2,A,골목상권,1000369,방학로10길,67,51,16,0,6,11,21,11,18,0,6,7,13,11,14,0,0,4,8,0,4
2021,2,A,골목상권,1000003,돈화문로11가길,3686,2700,986,5,474,1086,1164,697,260,0,273,731,930,546,220,5,201,355,234,151,40
2021,2,D,발달상권,1001214,종각역,10396,8086,2310,7,1633,3215,2625,2716,200,1,989,2178,2154,2582,182,6,644,1037,471,134,18
2021,2,R,전통시장,1001326,회기시장,55,17,38,0,9,14,15,12,5,0,2,3,4,6,2,0,7,11,11,6,3
2021,2,R,전통시장,1001362,백운시장,33,14,19,0,0,3,12,10,8,0,0,0,4,3,7,0,0,3,8,7,1
2021,2,A,골목상권,1000418,응암로13길,156,44,112,0,21,26,37,39,33,0,4,7,9,11,13,0,17,19,28,28,20
2021,2,A,골목상권,1000436,독립문로8길,679,422,257,2,64,107,167,236,103,2,33,60,104,147,76,0,31,47,63,89,27
2021,2,A,골목상권,1000684,경인로77길,741,512,229,1,60,174,194,178,134,1,39,118,136,109,109,0,21,56,58,69,25
2021,2,A,골목상권,1000839,호암로24길,1218,1084,134,0,243,351,373,203,48,0,204,322,342,178,38,0,39,29,31,25,10
2021,2,A,골목상권,1000711,선유서로24길,114,70,44,1,10,16,24,33,30,0,5,10,15,22,18,1,5,6,9,11,12
2021,2,D,발달상권,1001169,서울 용산구 숙대입구역,3807,1436,2371,7,395,840,1369,1110,86,1,233,512,475,190,25,6,162,328,894,920,61
2021,2,A,골목상권,1000856,동산로10길,2158,1493,665,8,481,731,479,295,164,3,309,521,350,193,117,5,172,210,129,102,47
2021,2,D,발달상권,1001181,서울 광진구 군자역,621,342,279,2,92,145,187,123,72,2,34,79,101,71,55,0,58,66,86,52,17
2021,2,A,골목상권,1000538,오목로3길,375,296,79,0,17,49,68,135,106,0,5,31,48,109,103,0,12,18,20,26,3
2021,2,A,골목상권,1000413,은평로13길,655,283,372,0,59,76,149,218,153,0,22,32,67,91,71,0,37,44,82,127,82
2021,2,A,골목상권,1000513,남부순환로40길,122,46,76,0,21,26,25,37,13,0,4,5,12,17,8,0,17,21,13,20,5
2021,2,R,전통시장,1001420,고척근린시장,55,19,36,0,2,9,18,20,6,0,0,1,3,9,6,0,2,8,15,11,0
2021,2,A,골목상권,1000404,연서로27길,339,148,191,3,46,70,105,83,32,3,20,24,41,36,24,0,26,46,64,47,8
2021,2,A,골목상권,1000433,통일로87길,255,130,125,0,18,32,65,66,74,0,4,10,34,34,48,0,14,22,31,32,26
2021,2,A,골목상권,1000391,갈현로33길,255,149,106,0,25,53,53,90,34,0,12,32,29,52,24,0,13,21,24,38,10
2021,2,D,발달상권,1001253,서울 은평구 연신내역_1,70,25,45,0,7,16,18,11,18,0,3,5,5,4,8,0,4,11,13,7,10
2021,2,D,발달상권,1001248,서울 은평구 불광역_1,180,73,107,1,17,30,40,56,36,1,5,7,17,23,20,0,12,23,23,33,16
2021,2,A,골목상권,1000561,강서로47길,327,146,181,0,33,70,120,77,27,0,13,29,47,38,19,0,20,41,73,39,8
2021,2,D,발달상권,1001255,서울 은평구 연신내역_3,108,20,88,0,9,15,17,28,39,0,1,5,3,4,7,0,8,10,14,24,32
2021,2,A,골목상권,1000603,화곡로13길,368,249,119,0,51,98,102,82,35,0,34,62,71,59,23,0,17,36,31,23,12
2021,2,A,골목상권,1000519,목동동로12길,335,228,107,0,46,96,82,78,33,0,28,57,55,60,28,0,18,39,27,18,5
2021,2,A,골목상권,1000611,개봉로17다길,2362,1606,756,32,828,926,311,196,69,16,483,719,222,113,53,16,345,207,89,83,16
2021,2,A,골목상권,1000523,목동중앙남로3가길,190,108,82,2,24,47,46,38,33,2,5,26,22,24,29,0,19,21,24,14,4
2021,2,A,골목상권,1000534,신월로15길,357,184,173,0,26,61,105,105,60,0,12,32,59,41,40,0,14,29,46,64,20
2021,2,A,골목상권,1000537,오목로30길,220,125,95,0,37,45,55,52,31,0,17,26,31,25,26,0,20,19,24,27,5
2021,2,A,골목상권,1000583,남부순환로11길,307,201,106,0,28,79,95,70,35,0,13,49,60,49,30,0,15,30,35,21,5
2021,2,A,골목상권,1000584,등촌로13길,183,128,55,0,15,32,49,50,37,0,7,22,29,40,30,0,8,10,20,10,7
2021,2,A,골목상권,1000005,백석동길,1797,1066,731,0,355,581,496,273,92,0,151,351,314,181,69,0,204,230,182,92,23
2021,2,R,전통시장,1001413,까치산시장,114,35,79,0,16,17,35,29,17,0,4,6,8,9,8,0,12,11,27,20,9
2021,2,A,골목상권,1000587,등촌로55길,432,323,109,2,36,57,69,114,154,1,19,29,42,92,140,1,17,28,27,22,14
2021,2,A,골목상권,1000566,강서로8길,214,125,89,0,12,44,62,64,32,0,6,27,36,32,24,0,6,17,26,32,8
2021,2,A,골목상권,1000580,공항대로8길,276,172,104,0,28,52,65,57,74,0,14,33,42,39,44,0,14,19,23,18,30
2021,2,D,발달상권,1001203,명동거리,8147,4244,3903,32,1358,2124,2323,1377,933,16,569,976,1265,853,565,16,789,1148,1058,524,368
2021,2,A,골목상권,1000564,강서로5나길,360,221,139,3,39,98,122,74,24,2,18,62,79,40,20,1,21,36,43,34,4
2021,2,A,골목상권,1000557,강서로29길,384,230,154,0,73,126,90,71,24,0,28,82,56,47,17,0,45,44,34,24,7
2021,2,A,골목상권,1000554,강서로15길,261,152,109,1,21,37,71,86,45,1,13,19,36,48,35,0,8,18,35,38,10
2021,2,D,발달상권,1001095,강남구 논현역_2,9009,5256,3753,44,2476,2549,2126,1249,565,20,1024,1507,1444,849,412,24,1452,1042,682,400,153
2021,2,D,발달상권,1001015,서울 금천구 독산1동_1,716,485,231,3,109,178,212,141,73,2,68,108,159,101,47,1,41,70,53,40,26
2021,2,R,전통시장,1001471,영동전통시장,242,95,147,0,21,60,67,58,36,0,7,19,22,24,23,0,14,41,45,34,13
2021,2,R,전통시장,1001417,구로시장,10,5,5,0,0,4,6,0,0,0,0,1,4,0,0,0,0,3,2,0,0
2021,2,D,발달상권,1001035,매봉역,5760,4107,1653,28,1174,2073,1523,704,258,17,590,1568,1293,506,133,11,584,505,230,198,125
2021,2,A,골목상권,1000622,고척로27길,309,167,142,1,48,127,55,55,23,0,18,67,33,34,15,1,30,60,22,21,8
2021,2,A,골목상권,1000626,구로동로15길,88,50,38,0,17,11,20,27,13,0,7,8,13,13,9,0,10,3,7,14,4
2021,2,A,골목상권,1000657,금하로1길,227,175,52,0,19,25,41,65,77,0,17,16,22,47,73,0,2,9,19,18,4
2021,2,A,골목상권,1000681,시흥대로84길,178,103,75,0,25,25,51,57,20,0,10,15,30,32,16,0,15,10,21,25,4
2021,2,A,골목상권,1000682,시흥대로94길,446,164,282,0,66,112,98,110,60,0,39,32,28,39,26,0,27,80,70,71,34
2021,2,A,골목상권,1000663,독산로64길,186,152,34,0,6,10,16,67,87,0,2,4,11,52,83,0,4,6,5,15,4
2021,2,A,골목상권,1000660,독산로108길,1619,1443,176,0,28,95,100,130,1266,0,11,61,52,86,1233,0,17,34,48,44,33
2021,2,A,골목상권,1000847,고무래로8길,5479,3568,1911,15,604,1376,1561,1030,893,7,305,850,1168,689,549,8,299,526,393,341,344
2021,2,R,전통시장,1001450,남성역골목시장,467,268,199,1,36,33,39,47,311,1,12,20,22,16,197,0,24,13,17,31,114
2021,2,A,골목상권,1000757,상도로15길,320,121,199,2,10,27,53,87,141,1,6,19,24,24,47,1,4,8,29,63,94
2021,2,A,골목상권,1000883,효령로72길,3428,2690,738,7,604,936,778,964,139,4,401,657,668,859,101,3,203,279,110,105,38
2021,2,A,골목상권,1000770,여의대방로22길,241,128,113,0,29,37,66,70,39,0,11,17,31,42,27,0,18,20,35,28,12
2021,2,A,골목상권,1000742,동작대로35길,190,87,103,0,39,42,45,50,14,0,21,16,21,20,9,0,18,26,24,30,5
2021,2,A,골목상권,1000741,동작대로33길,170,88,82,3,27,28,56,33,23,2,7,17,29,17,16,1,20,11,27,16,7
2021,2,A,골목상권,1000857,동산로19길,1276,633,643,1,108,185,369,347,266,1,51,107,160,136,178,0,57,78,209,211,88
2021,2,A,골목상권,1000762,서달로10길,51,28,23,0,6,12,13,8,12,0,4,6,4,5,9,0,2,6,9,3,3
2021,2,D,발달상권,1001042,서울 서초구 남부터미널역_3,3060,1217,1843,9,1047,753,631,416,204,4,293,320,308,154,138,5,754,433,323,262,66
2021,2,A,골목상권,1000844,강남대로23길,2897,1993,904,3,487,847,768,555,237,2,285,608,522,373,203,1,202,239,246,182,34
2021,2,A,골목상권,1000917,삼성로115길,839,429,410,1,157,205,225,174,77,1,53,92,125,100,58,0,104,113,100,74,19
2021,2,A,골목상권,1000912,봉은사로109길,2837,2093,744,7,630,1231,611,243,115,0,363,947,506,190,87,7,267,284,105,53,28
2021,2,A,골목상권,1000880,효령로23길,1492,964,528,9,176,372,381,347,207,8,111,265,255,205,120,1,65,107,126,142,87
2021,2,D,발달상권,1001024,관악구 사당역_1,5523,2253,3270,3,773,1500,1762,987,498,0,178,526,614,598,337,3,595,974,1148,389,161
2021,2,D,발달상권,1001030,양재역_2,2634,1725,909,2,352,900,732,471,177,1,190,676,507,237,114,1,162,224,225,234,63
2021,2,R,전통시장,1001469,양재시장,35,22,13,0,2,10,9,7,7,0,1,7,6,3,5,0,1,3,3,4,2
2021,2,D,발달상권,1001018,포이사거리_2,7673,5359,2314,17,1162,2384,2019,1264,827,8,642,1643,1564,898,604,9,520,741,455,366,223
2021,2,R,전통시장,1001470,강남시장_강남,58,33,25,0,13,15,14,8,8,0,7,10,9,2,5,0,6,5,5,6,3
2021,2,A,골목상권,1000905,도산대로15길,123,65,58,0,31,39,28,18,7,0,16,25,14,6,4,0,15,14,14,12,3
2021,2,D,발달상권,1001014,양재동 꽃시장,1540,858,682,11,337,414,307,384,87,4,129,223,197,252,53,7,208,191,110,132,34
2021,2,A,골목상권,1000198,장한로26길,2436,1696,740,12,476,578,585,488,297,9,328,403,363,343,250,3,148,175,222,145,47
2021,2,A,골목상권,1000197,장한로26가길,122,87,35,0,9,21,43,35,14,0,5,17,29,26,10,0,4,4,14,9,4
2021,2,A,골목상권,1000897,논현로123길,162,106,56,1,28,40,50,25,18,0,12,30,36,19,9,1,16,10,14,6,9
2021,2,D,발달상권,1001108,학동역,1014,616,398,4,200,286,228,178,118,4,100,182,156,98,76,0,100,104,72,80,42
2021,2,D,발달상권,1001131,청담역_2,4142,3212,930,8,488,1228,1483,734,201,5,204,884,1286,665,168,3,284,344,197,69,33
2021,2,D,발달상권,1001111,서울 강남구 강남구청역_1,3516,2335,1181,10,494,765,795,775,677,2,239,432,554,593,515,8,255,333,241,182,162
2021,2,A,골목상권,1000949,백제고분로39길,566,393,173,1,75,109,125,120,136,0,45,66,83,78,121,1,30,43,42,42,15
2021,2,D,발달상권,1001073,서울 강남구 역삼역_1,22546,15049,7497,58,3955,7231,6313,3264,1725,30,2092,4600,4715,2438,1174,28,1863,2631,1598,826,551
2021,2,A,골목상권,1000922,삼성로69길,2064,1086,978,2,296,446,473,418,429,1,119,256,258,215,237,1,177,190,215,203,192
2021,2,U,관광특구,1001495,잠실 관광특구,24375,14199,10176,120,4722,6565,5617,4514,2837,51,2484,4186,3496,2297,1685,69,2238,2379,2121,2217,1152
2021,2,A,골목상권,1000177,답십리로69길,533,270,263,1,71,86,126,154,95,0,26,46,64,72,62,1,45,40,62,82,33
2021,2,D,발달상권,1001201,서울 중구 신당역_1,277,142,135,0,39,41,59,61,77,0,10,15,31,33,53,0,29,26,28,28,24
2021,2,A,골목상권,1000109,성수이로7길,1442,895,547,4,242,400,348,227,221,3,133,249,258,144,108,1,109,151,90,83,113
2021,2,R,전통시장,1001295,행당시장,314,140,174,0,44,60,95,76,39,0,15,25,42,33,25,0,29,35,53,43,14
2021,2,A,골목상권,1000137,능동로13길,221,109,112,1,40,57,52,53,18,1,17,32,22,23,14,0,23,25,30,30,4
2021,2,A,골목상권,1000021,창경궁로35길,787,171,616,0,126,225,255,154,27,0,12,43,63,36,17,0,114,182,192,118,10
2021,2,A,골목상권,1000848,남부순환로317길,2386,1532,854,4,366,708,587,425,296,0,186,453,431,256,206,4,180,255,156,169,90
2021,2,U,관광특구,1001494,종로·청계 관광특구,32935,17150,15785,68,5357,9965,9483,6401,1661,15,2285,4911,4591,4158,1190,53,3072,5054,4892,2243,471
2021,2,D,발달상권,1001244,경희대학교,70,24,46,0,9,19,16,11,15,0,5,7,5,3,4,0,4,12,11,8,11
2021,2,A,골목상권,1001004,천호대로170길,303,177,126,1,24,44,66,58,110,1,17,32,41,26,60,0,7,12,25,32,50
2021,2,D,발달상권,1001093,신천역,4789,2992,1797,25,685,859,981,1141,1098,3,269,493,600,807,820,22,416,366,381,334,278
2021,2,A,골목상권,1000942,마천로51길,417,245,172,0,44,97,84,123,69,0,31,60,39,61,54,0,13,37,45,62,15
2021,2,A,골목상권,1000958,송파대로30길,2240,1393,847,6,486,662,557,351,178,0,190,404,395,260,144,6,296,258,162,91,34
2021,2,A,골목상권,1000952,백제고분로46길,665,472,193,3,58,92,145,215,152,3,30,59,102,154,124,0,28,33,43,61,28
2021,2,A,골목상권,1000946,백제고분로32길,725,407,318,2,56,151,206,197,113,2,29,78,109,112,77,0,27,73,97,85,36
2021,2,A,골목상권,1000954,삼전로13길,1420,916,504,11,252,325,359,238,235,0,108,224,262,144,178,11,144,101,97,94,57
2021,2,A,골목상권,1000012,옥인길,58,32,26,0,9,9,14,17,9,0,3,2,9,10,8,0,6,7,5,7,1
2021,2,R,전통시장,1001484,양지골목시장,60,36,24,0,6,8,14,17,15,0,6,5,5,10,10,0,0,3,9,7,5
2021,2,A,골목상권,1000973,구천면로42길,87,52,35,0,11,27,22,20,7,0,4,17,16,10,5,0,7,10,6,10,2
2021,2,R,전통시장,1001489,둔촌역전통시장,224,108,116,0,44,51,45,47,37,0,17,25,17,23,26,0,27,26,28,24,11
2021,2,A,골목상권,1000967,강동대로53길,1092,726,366,5,197,269,263,211,147,5,120,193,175,132,101,0,77,76,88,79,46
2021,2,A,골목상권,1000059,서빙고로71길,432,265,167,1,40,104,117,81,89,0,14,49,58,64,80,1,26,55,59,17,9
2021,2,A,골목상권,1000085,회나무로13길,90,45,45,0,13,20,26,23,8,0,7,11,8,12,7,0,6,9,18,11,1
2021,2,A,골목상권,1000026,평창길,6654,2605,4049,1,565,1950,2602,1390,146,0,195,822,1204,275,109,1,370,1128,1398,1115,37
2021,2,A,골목상권,1000119,왕십리로31길,208,95,113,1,23,49,58,41,36,1,7,17,24,19,27,0,16,32,34,22,9
2021,2,A,골목상권,1000281,삼양로8길,147,70,77,0,16,35,46,31,19,0,8,17,21,13,11,0,8,18,25,18,8
2021,2,A,골목상권,1000285,안암로5길,960,743,217,1,167,267,210,167,148,0,106,203,160,142,132,1,61,64,50,25,16
2021,2,A,골목상권,1000480,백범로16길,1908,1298,610,76,553,567,401,199,112,27,327,413,325,141,65,49,226,154,76,58,47
2021,2,A,골목상권,1000780,관악로10길,1482,1050,432,3,269,661,283,158,108,2,150,501,202,108,87,1,119,160,81,50,21
2021,2,D,발달상권,1001226,서울 종로구 종로5가역_2,16173,10184,5989,432,3951,5181,3917,2173,519,114,1661,3340,2956,1772,341,318,2290,1841,961,401,178
2021,2,A,골목상권,1000817,신림로28길,442,283,159,1,70,84,145,100,42,0,46,58,91,63,25,1,24,26,54,37,17
2021,2,A,골목상권,1000063,우사단로14길,1987,984,1003,9,439,854,523,137,25,2,107,386,353,120,16,7,332,468,170,17,9
2021,2,D,발달상권,1001138,압구정 로데오거리_1,14564,7168,7396,44,4216,5561,2876,1456,411,9,1182,2612,1841,1224,300,35,3034,2949,1035,232,111
2021,2,A,골목상권,1000031,다산로36길,91,55,36,0,2,14,27,34,14,0,0,9,18,18,10,0,2,5,9,16,4
2021,2,A,골목상권,1000084,한남대로20길,231,131,100,1,36,84,64,27,19,0,12,45,37,23,14,1,24,39,27,4,5
2021,2,A,골목상권,1000250,봉화산로30길,139,38,101,0,14,33,33,29,30,0,2,8,6,7,15,0,12,25,27,22,15
2021,2,A,골목상권,1000393,갈현로7길,398,205,193,0,63,112,108,91,24,0,28,67,51,40,19,0,35,45,57,51,5
2021,2,A,골목상권,1000618,경인로31길,130,61,69,0,15,23,34,32,26,0,10,10,11,16,14,0,5,13,23,16,12
2021,2,A,골목상권,1000671,시흥대로120길,192,117,75,0,25,36,36,53,42,0,14,25,19,26,33,0,11,11,17,27,9
2021,2,A,골목상권,1000414,은평로20길,9,2,7,0,0,0,4,2,3,0,0,0,0,0,2,0,0,0,4,2,1
2021,2,D,발달상권,1001125,학동사거리_2,2498,1332,1166,4,411,819,736,417,111,1,130,397,455,280,69,3,281,422,281,137,42
2021,2,A,골목상권,1000935,테헤란로81길,1637,791,846,12,460,575,329,151,110,1,176,265,179,88,82,11,284,310,150,63,28
2021,2,R,전통시장,1001384,마포시장,11,3,8,0,0,1,4,3,3,0,0,1,0,1,1,0,0,0,4,2,2
2021,2,R,전통시장,1001390,망원시장,173,81,92,0,16,30,44,48,35,0,13,19,19,15,15,0,3,11,25,33,20
2021,3,D,발달상권,1001253,서울 은평구 연신내역_1,70,25,45,0,7,16,18,11,18,0,3,5,5,4,8,0,4,11,13,7,10
2021,3,A,골목상권,1000921,삼성로64길,2957,1473,1484,16,452,408,434,560,1087,13,263,251,209,199,538,3,189,157,225,361,549
2021,3,A,골목상권,1000404,연서로27길,339,148,191,3,46,70,105,83,32,3,20,24,41,36,24,0,26,46,64,47,8
2021,3,D,발달상권,1001262,서울 노원구 노원역_2,274,126,148,2,48,46,69,64,45,1,13,20,39,26,27,1,35,26,30,38,18
2021,3,A,골목상권,1000391,갈현로33길,255,149,106,0,25,53,53,90,34,0,12,32,29,52,24,0,13,21,24,38,10
2021,3,D,발달상권,1001075,역삼역_2,10137,4381,5756,18,1696,2218,2605,3046,554,7,773,1375,1316,591,319,11,923,843,1289,2455,235
2021,3,A,골목상권,1000433,통일로87길,255,130,125,0,18,32,65,66,74,0,4,10,34,34,48,0,14,22,31,32,26
2021,3,A,골목상권,1000387,한글비석로24길,180,62,118,1,24,20,48,52,35,0,6,6,20,15,15,1,18,14,28,37,20
2021,3,A,골목상권,1000013,율곡로10길,313,206,107,0,46,89,80,66,32,0,20,64,51,46,25,0,26,25,29,20,7
2021,3,A,골목상권,1000196,장한로25길,408,210,198,5,73,92,89,104,45,5,45,59,41,38,22,0,28,33,48,66,23
2021,3,D,발달상권,1001234,서울 종로구 경복궁역_1,599,413,186,4,59,113,127,128,168,0,26,73,80,96,138,4,33,40,47,32,30
2021,3,R,전통시장,1001319,청량리종합시장,13,8,5,0,1,3,2,2,5,0,1,1,2,1,3,0,0,2,0,1,2
2021,3,A,골목상권,1000385,석계로1길,605,255,350,3,65,130,179,154,74,2,28,55,71,56,43,1,37,75,108,98,31
2021,3,A,골목상권,1000386,한글비석로22길,172,92,80,1,31,35,42,42,21,0,4,17,26,30,15,1,27,18,16,12,6
2021,3,D,발달상권,1001250,서울 은평구 불광역_3,67,24,43,0,6,12,14,22,13,0,0,5,5,5,9,0,6,7,9,17,4
2021,3,R,전통시장,1001393,마포농수산물시장,77,40,37,0,2,12,24,26,13,0,1,8,12,14,5,0,1,4,12,12,8
2021,3,R,전통시장,1001383,공덕시장,3948,2001,1947,52,1323,1296,891,287,99,28,467,646,599,181,80,24,856,650,292,106,19
2021,3,A,골목상권,1000907,도산대로30길,3153,1611,1542,7,958,974,622,408,184,2,349,511,394,239,116,5,609,463,228,169,68
2021,3,D,발달상권,1001260,창동역,1003,570,433,0,128,204,240,203,228,0,52,94,123,119,182,0,76,110,117,84,46
2021,3,D,발달상권,1001112,서울 강남구 학동역_3,3152,1780,1372,12,554,1019,808,479,280,2,232,568,488,284,206,10,322,451,320,195,74
2021,3,A,골목상권,1000259,용마산로94길,304,259,45,0,11,41,65,94,93,0,3,31,54,85,86,0,8,10,11,9,7
2021,3,A,골목상권,1000957,송이로36길,2096,1409,687,7,396,598,492,369,234,3,220,414,360,209,203,4,176,184,132,160,31
2021,3,A,골목상권,1000982,상일로5길,172,124,48,0,10,33,40,57,32,0,5,22,28,43,26,0,5,11,12,14,6
2021,3,A,골목상권,1000267,돌곶이로8길,117,75,42,0,9,16,28,31,33,0,6,10,16,19,24,0,3,6,12,12,9
2021,3,A,골목상권,1000974,동남로65길,297,202,95,1,27,45,73,101,50,1,17,22,52,69,41,0,10,23,21,32,9
2021,3,A,골목상권,1000671,시흥대로120길,192,117,75,0,25,36,36,53,42,0,14,25,19,26,33,0,11,11,17,27,9
2021,3,A,골목상권,1000214,한천로14길,696,440,256,2,87,134,177,185,111,2,59,89,118,108,64,0,28,45,59,77,47
2021,3,A,골목상권,1000727,영등포로27길,301,189,112,0,29,61,93,71,47,0,9,31,57,51,41,0,20,30,36,20,6
2021,3,A,골목상권,1000270,동소문로26가길,219,122,97,2,13,58,58,58,30,0,4,26,30,37,25,2,9,32,28,21,5
2021,3,A,골목상권,1000732,영신로9길,3221,1646,1575,28,548,837,791,816,201,11,218,373,430,498,116,17,330,464,361,318,85
2021,3,A,골목상권,1000392,갈현로41길,171,78,93,0,19,37,52,50,13,0,9,17,27,18,7,0,10,20,25,32,6
2021,3,A,골목상권,1000395,서오릉로21길,153,56,97,0,17,40,50,32,14,0,5,19,13,14,5,0,12,21,37,18,9
2021,3,A,골목상권,1000414,은평로20길,9,2,7,0,0,0,4,2,3,0,0,0,0,0,2,0,0,0,4,2,1
2021,3,A,골목상권,1000416,은평로8길,275,194,81,0,58,72,65,53,27,0,31,52,50,44,17,0,27,20,15,9,10
2021,3,A,골목상권,1000562,강서로47라길,207,150,57,0,15,34,58,66,34,0,11,27,38,47,27,0,4,7,20,19,7
2021,3,A,골목상권,1000419,응암로14길,99,50,49,0,23,15,27,28,6,0,6,7,12,20,5,0,17,8,15,8,1
2021,3,A,골목상권,1000425,증산로21길,237,122,115,0,36,49,60,53,39,0,16,16,36,26,28,0,20,33,24,27,11
2021,3,D,발달상권,1001033,서울 서초구 남부터미널역_1,2033,1323,710,5,305,541,557,409,216,2,128,356,375,282,180,3,177,185,182,127,36
2021,3,D,발달상권,1001039,서울 서초구 남부터미널역_2,3012,1965,1047,5,383,628,809,640,547,1,195,397,543,439,390,4,188,231,266,201,157
2021,3,R,전통시장,1001395,목3동시장,148,67,81,0,13,20,55,37,23,0,7,6,18,19,17,0,6,14,37,18,6
2021,3,A,골목상권,1000394,불광천길,192,95,97,0,15,30,49,58,40,0,8,13,27,27,20,0,7,17,22,31,20
2021,3,A,골목상권,1000551,화곡로4길,421,219,202,0,59,111,112,80,59,0,21,58,55,49,36,0,38,53,57,31,23
2021,3,R,전통시장,1001397,신영시장,40,13,27,0,3,4,13,16,4,0,2,0,3,6,2,0,1,4,10,10,2
2021,3,R,전통시장,1001422,오류시장,132,21,111,0,10,26,46,43,7,0,5,1,4,5,6,0,5,25,42,38,1
2021,3,A,골목상권,1000900,논현로26길,17916,5148,12768,76,2984,3579,6443,3961,873,37,1351,1737,1106,547,370,39,1633,1842,5337,3414,503
2021,3,A,골목상권,1000773,여의대방로24길,16249,10586,5663,45,3316,3142,2424,3906,3416,23,2691,2662,1612,1847,1751,22,625,480,812,2059,1665
2021,3,A,골목상권,1000680,시흥대로68길,549,219,330,1,130,118,102,143,55,1,44,45,39,51,39,0,86,73,63,92,16
2021,3,A,골목상권,1000672,시흥대로138길,341,246,95,0,68,87,64,86,36,0,54,72,44,49,27,0,14,15,20,37,9
2021,3,D,발달상권,1001092,강남구 논현역_1,2284,1208,1076,3,451,700,552,394,184,0,171,406,335,168,128,3,280,294,217,226,56
2021,3,D,발달상권,1001011,서울 금천구 시흥1동_4,486,164,322,1,56,75,117,138,99,1,19,25,46,36,37,0,37,50,71,102,62
2021,3,A,골목상권,1000678,시흥대로62가길,86,59,27,0,7,19,20,23,17,0,5,15,13,15,11,0,2,4,7,8,6
2021,3,A,골목상권,1000758,상도로37길,128,65,63,0,36,22,32,28,10,0,13,11,20,14,7,0,23,11,12,14,3
2021,3,R,전통시장,1001447,상도4동도깨비골목시장,95,49,46,0,11,23,33,14,14,0,5,10,18,7,9,0,6,13,15,7,5
2021,3,A,골목상권,1000761,상도로62길,332,179,153,1,42,71,80,74,64,0,22,34,50,31,42,1,20,37,30,43,22
2021,3,R,전통시장,1001451,사당시장,45,20,25,0,4,6,10,11,14,0,0,1,4,6,9,0,4,5,6,5,5
2021,3,A,골목상권,1000754,사당로2차길,324,216,108,1,33,57,86,97,50,0,21,30,53,69,43,1,12,27,33,28,7
2021,3,A,골목상권,1000746,만양로8길,824,512,312,3,78,170,217,204,152,2,36,101,143,143,87,1,42,69,74,61,65
2021,3,D,발달상권,1001114,강남구 신사역_1,1108,570,538,11,263,324,245,170,95,6,90,152,149,104,69,5,173,172,96,66,26
2021,3,A,골목상권,1000852,논현로27길,2808,2146,662,10,460,690,692,452,504,7,279,507,545,364,444,3,181,183,147,88,60
2021,3,D,발달상권,1001061,방배동카페골목,374,218,156,0,34,102,100,85,53,0,14,70,60,37,37,0,20,32,40,48,16
2021,3,A,골목상권,1000863,방배로35길,1137,711,426,1,193,244,258,228,213,0,51,128,172,167,193,1,142,116,86,61,20
2021,3,D,발달상권,1001013,양재 화물트럭터미널앞_2,843,619,224,12,155,219,213,164,80,10,109,147,155,132,66,2,46,72,58,32,14
2021,3,A,골목상권,1000879,청두곶길,1446,795,651,2,116,308,439,383,198,0,46,169,206,247,127,2,70,139,233,136,71
2021,3,A,골목상권,1000909,도산대로50길,2685,1863,822,14,578,836,645,433,179,6,329,540,493,349,146,8,249,296,152,84,33
2021,3,A,골목상권,1000011,숭인동길,329,133,196,0,51,55,75,89,59,0,20,24,32,31,26,0,31,31,43,58,33
2021,3,D,발달상권,1001106,서울 강남구 학동역_2,2510,1674,836,2,225,433,393,251,1206,0,100,253,280,152,889,2,125,180,113,99,317
2021,3,A,골목상권,1000911,도산대로89길,1284,730,554,9,309,361,276,206,123,2,163,236,173,87,69,7,146,125,103,119,54
2021,3,D,발달상권,1001133,청담사거리_3,1376,693,683,3,362,384,263,218,146,1,111,193,145,133,110,2,251,191,118,85,36
2021,3,A,골목상권,1000926,선릉로133길,739,434,305,2,155,215,162,107,98,1,59,121,107,64,82,1,96,94,55,43,16
2021,3,A,골목상권,1000908,도산대로38길,1043,622,421,3,147,183,232,197,281,2,52,93,137,145,193,1,95,90,95,52,88
2021,3,D,발달상권,1001134,서울 영등포구 여의도역_2,33585,23274,10311,81,5930,10493,8844,6170,2067,15,3379,7139,6862,4704,1175,66,2551,3354,1982,1466,892
2021,3,A,골목상권,1000910,도산대로81길,3094,1363,1731,10,813,1163,670,290,148,5,258,477,323,179,121,5,555,686,347,111,27
2021,3,A,골목상권,1000831,조원중앙로2길,921,694,227,0,121,277,215,238,70,0,78,210,165,189,52,0,43,67,50,49,18
2021,3,D,발달상권,1001058,역삼역_1,10667,5507,5160,103,3487,3300,2171,1158,448,26,1247,1825,1451,641,317,77,2240,1475,720,517,131
2021,3,A,골목상권,1000004,명륜길,56,32,24,0,5,13,16,18,4,0,2,5,13,9,3,0,3,8,3,9,1
2021,3,A,골목상권,1000201,장한로5길,314,189,125,0,58,81,61,58,56,0,28,43,40,34,44,0,30,38,21,24,12
2021,3,D,발달상권,1001242,혜화역 대학로_3,477,210,267,1,57,123,134,75,87,0,19,40,60,34,57,1,38,83,74,41,30
2021,3,A,골목상권,1000007,북촌로5길,503,419,84,0,31,177,156,102,37,0,19,150,133,88,29,0,12,27,23,14,8
2021,3,A,골목상권,1000379,동일로173가길,1230,946,284,3,110,164,272,369,312,1,65,113,202,296,269,2,45,51,70,73,43
2021,3,D,발달상권,1001222,동묘앞역,223,138,85,0,27,41,44,66,45,0,9,20,31,41,37,0,18,21,13,25,8
2021,3,A,골목상권,1000193,왕산로43길,560,199,361,1,119,130,150,104,56,1,18,35,58,46,41,0,101,95,92,58,15
2021,3,A,골목상권,1000202,장한로8길,438,295,143,0,68,64,84,126,96,0,25,40,55,91,84,0,43,24,29,35,12
2021,3,A,골목상권,1000169,경희대로4길,41,18,23,0,3,10,10,7,11,0,0,5,5,4,4,0,3,5,5,3,7
2021,3,D,발달상권,1001175,서울 강동구 고덕역,1359,916,443,3,172,305,337,317,225,1,75,198,249,221,172,2,97,107,88,96,53
2021,3,A,골목상권,1000976,동남로85길,635,344,291,0,60,81,112,159,223,0,30,54,56,66,138,0,30,27,56,93,85
2021,3,A,골목상권,1000188,서울시립대로29길,368,263,105,1,9,26,29,45,258,1,4,14,12,25,207,0,5,12,17,20,51
2021,3,A,골목상권,1000988,양재대로124길,435,258,177,0,29,76,125,120,85,0,20,52,75,60,51,0,9,24,50,60,34
2021,3,A,골목상권,1000945,백제고분로31길,1708,1370,338,0,86,234,312,223,853,0,43,155,203,154,815,0,43,79,109,69,38
2021,3,A,골목상권,1000948,백제고분로34길,1779,1368,411,7,253,345,323,395,456,7,181,288,247,282,363,0,72,57,76,113,93
2021,3,D,발달상권,1001083,서울 송파구 석촌역_2,597,380,217,0,22,73,124,174,204,0,10,39,75,102,154,0,12,34,49,72,50
2021,3,D,발달상권,1001079,석촌역,170,135,35,0,27,70,24,22,27,0,11,59,20,20,25,0,16,11,4,2,2
2021,3,A,골목상권,1000992,양재대로96길,197,131,66,2,29,45,51,37,33,1,18,33,32,24,23,1,11,12,19,13,10
2021,3,A,골목상권,1000980,상암로51길,302,122,180,0,55,50,55,76,66,0,16,27,31,29,19,0,39,23,24,47,47
2021,3,R,전통시장,1001481,명일골목시장,89,30,59,0,8,10,13,28,30,0,3,6,5,8,8,0,5,4,8,20,22
2021,3,R,전통시장,1001313,청량리수산시장,20,11,9,0,1,5,6,3,5,0,0,5,3,0,3,0,1,0,3,3,2
2021,3,A,골목상권,1000969,고덕로25길,143,91,52,0,23,30,28,34,28,0,12,26,16,19,18,0,11,4,12,15,10
2021,3,A,골목상권,1001001,천중로39길,574,375,199,0,41,93,155,144,141,0,14,51,84,100,126,0,27,42,71,44,15
2021,3,A,골목상권,1000971,구천면로36길,32,14,18,0,3,6,9,12,2,0,0,3,4,5,2,0,3,3,5,7,0
2021,3,A,골목상권,1000977,명일로13길,302,182,120,0,25,47,57,99,74,0,15,24,33,48,62,0,10,23,24,51,12
2021,3,A,골목상권,1000997,올림픽로80길,152,54,98,2,40,35,37,29,9,2,13,9,13,12,5,0,27,26,24,17,4
2021,3,A,골목상권,1000996,올림픽로78길,115,58,57,0,17,27,26,24,21,0,9,9,12,11,17,0,8,18,14,13,4
2021,3,A,골목상권,1000034,동호로10길,1553,857,696,3,261,374,326,340,249,1,90,202,225,212,127,2,171,172,101,128,122
2021,3,A,골목상권,1000049,퇴계로90길,463,225,238,2,60,115,115,99,72,2,27,45,57,50,44,0,33,70,58,49,28
2021,3,A,골목상권,1000077,한강대로104길,8152,1754,6398,152,5983,1336,333,182,166,9,597,651,235,136,126,143,5386,685,98,46,40
2021,3,A,골목상권,1000073,청파로47길,192,87,105,1,18,35,64,39,35,1,7,16,27,16,20,0,11,19,37,23,15
2021,3,A,골목상권,1000098,무수막길,164,122,42,0,8,19,21,44,72,0,1,11,14,33,63,0,7,8,7,11,9
2021,3,R,전통시장,1001322,동부시장,14,9,5,0,0,0,1,1,12,0,0,0,0,0,9,0,0,0,1,1,3
2021,3,A,골목상권,1000254,사가정로54길,122,47,75,0,22,22,28,34,16,0,1,8,14,15,9,0,21,14,14,19,7
2021,3,A,골목상권,1000240,망우로73길,51,34,17,0,6,5,14,20,6,0,3,4,10,13,4,0,3,1,4,7,2
2021,3,D,발달상권,1001248,서울 은평구 불광역_1,180,73,107,1,17,30,40,56,36,1,5,7,17,23,20,0,12,23,23,33,16
2021,3,A,골목상권,1000561,강서로47길,327,146,181,0,33,70,120,77,27,0,13,29,47,38,19,0,20,41,73,39,8
2021,3,D,발달상권,1001255,서울 은평구 연신내역_3,108,20,88,0,9,15,17,28,39,0,1,5,3,4,7,0,8,10,14,24,32
2021,3,A,골목상권,1000603,화곡로13길,368,249,119,0,51,98,102,82,35,0,34,62,71,59,23,0,17,36,31,23,12
2021,3,A,골목상권,1000519,목동동로12길,335,228,107,0,46,96,82,78,33,0,28,57,55,60,28,0,18,39,27,18,5
2021,3,A,골목상권,1000611,개봉로17다길,2362,1606,756,32,828,926,311,196,69,16,483,719,222,113,53,16,345,207,89,83,16
2021,3,A,골목상권,1000523,목동중앙남로3가길,190,108,82,2,24,47,46,38,33,2,5,26,22,24,29,0,19,21,24,14,4
2021,3,A,골목상권,1000534,신월로15길,357,184,173,0,26,61,105,105,60,0,12,32,59,41,40,0,14,29,46,64,20
2021,3,A,골목상권,1000537,오목로30길,220,125,95,0,37,45,55,52,31,0,17,26,31,25,26,0,20,19,24,27,5
2021,3,A,골목상권,1000583,남부순환로11길,307,201,106,0,28,79,95,70,35,0,13,49,60,49,30,0,15,30,35,21,5
2021,3,A,골목상권,1000584,등촌로13길,183,128,55,0,15,32,49,50,37,0,7,22,29,40,30,0,8,10,20,10,7
2021,3,A,골목상권,1000005,백석동길,1797,1066,731,0,355,581,496,273,92,0,151,351,314,181,69,0,204,230,182,92,23
2021,3,R,전통시장,1001413,까치산시장,114,35,79,0,16,17,35,29,17,0,4,6,8,9,8,0,12,11,27,20,9
2021,3,A,골목상권,1000587,등촌로55길,432,323,109,2,36,57,69,114,154,1,19,29,42,92,140,1,17,28,27,22,14
2021,3,A,골목상권,1000566,강서로8길,214,125,89,0,12,44,62,64,32,0,6,27,36,32,24,0,6,17,26,32,8
2021,3,A,골목상권,1000580,공항대로8길,276,172,104,0,28,52,65,57,74,0,14,33,42,39,44,0,14,19,23,18,30
2021,3,D,발달상권,1001203,명동거리,8147,4244,3903,32,1358,2124,2323,1377,933,16,569,976,1265,853,565,16,789,1148,1058,524,368
2021,3,A,골목상권,1000564,강서로5나길,360,221,139,3,39,98,122,74,24,2,18,62,79,40,20,1,21,36,43,34,4
2021,3,A,골목상권,1000557,강서로29길,384,230,154,0,73,126,90,71,24,0,28,82,56,47,17,0,45,44,34,24,7
2021,3,A,골목상권,1000554,강서로15길,261,152,109,1,21,37,71,86,45,1,13,19,36,48,35,0,8,18,35,38,10
2021,3,D,발달상권,1001095,강남구 논현역_2,9009,5256,3753,44,2476,2549,2126,1249,565,20,1024,1507,1444,849,412,24,1452,1042,682,400,153
2021,3,D,발달상권,1001015,서울 금천구 독산1동_1,716,485,231,3,109,178,212,141,73,2,68,108,159,101,47,1,41,70,53,40,26
2021,3,R,전통시장,1001471,영동전통시장,242,95,147,0,21,60,67,58,36,0,7,19,22,24,23,0,14,41,45,34,13
2021,3,R,전통시장,1001417,구로시장,10,5,5,0,0,4,6,0,0,0,0,1,4,0,0,0,0,3,2,0,0
2021,3,D,발달상권,1001035,매봉역,5760,4107,1653,28,1174,2073,1523,704,258,17,590,1568,1293,506,133,11,584,505,230,198,125
2021,3,A,골목상권,1000622,고척로27길,309,167,142,1,48,127,55,55,23,0,18,67,33,34,15,1,30,60,22,21,8
2021,3,A,골목상권,1000626,구로동로15길,88,50,38,0,17,11,20,27,13,0,7,8,13,13,9,0,10,3,7,14,4
2021,3,A,골목상권,1000657,금하로1길,227,175,52,0,19,25,41,65,77,0,17,16,22,47,73,0,2,9,19,18,4
2021,3,A,골목상권,1000681,시흥대로84길,178,103,75,0,25,25,51,57,20,0,10,15,30,32,16,0,15,10,21,25,4
2021,3,A,골목상권,1000682,시흥대로94길,446,164,282,0,66,112,98,110,60,0,39,32,28,39,26,0,27,80,70,71,34
2021,3,A,골목상권,1000663,독산로64길,186,152,34,0,6,10,16,67,87,0,2,4,11,52,83,0,4,6,5,15,4
2021,3,A,골목상권,1000660,독산로108길,1619,1443,176,0,28,95,100,130,1266,0,11,61,52,86,1233,0,17,34,48,44,33
2021,3,A,골목상권,1000847,고무래로8길,5479,3568,1911,15,604,1376,1561,1030,893,7,305,850,1168,689,549,8,299,526,393,341,344
2021,3,R,전통시장,1001450,남성역골목시장,467,268,199,1,36,33,39,47,311,1,12,20,22,16,197,0,24,13,17,31,114
2021,3,A,골목상권,1000757,상도로15길,320,121,199,2,10,27,53,87,141,1,6,19,24,24,47,1,4,8,29,63,94
2021,3,A,골목상권,1000883,효령로72길,3428,2690,738,7,604,936,778,964,139,4,401,657,668,859,101,3,203,279,110,105,38
2021,3,A,골목상권,1000770,여의대방로22길,241,128,113,0,29,37,66,70,39,0,11,17,31,42,27,0,18,20,35,28,12
2021,3,A,골목상권,1000742,동작대로35길,190,87,103,0,39,42,45,50,14,0,21,16,21,20,9,0,18,26,24,30,5
2021,3,A,골목상권,1000741,동작대로33길,170,88,82,3,27,28,56,33,23,2,7,17,29,17,16,1,20,11,27,16,7
2021,3,A,골목상권,1000857,동산로19길,1276,633,643,1,108,185,369,347,266,1,51,107,160,136,178,0,57,78,209,211,88
2021,3,A,골목상권,1000762,서달로10길,51,28,23,0,6,12,13,8,12,0,4,6,4,5,9,0,2,6,9,3,3
2021,3,D,발달상권,1001042,서울 서초구 남부터미널역_3,3060,1217,1843,9,1047,753,631,416,204,4,293,320,308,154,138,5,754,433,323,262,66
2021,3,A,골목상권,1000844,강남대로23길,2897,1993,904,3,487,847,768,555,237,2,285,608,522,373,203,1,202,239,246,182,34
2021,3,A,골목상권,1000917,삼성로115길,839,429,410,1,157,205,225,174,77,1,53,92,125,100,58,0,104,113,100,74,19
2021,3,A,골목상권,1000912,봉은사로109길,2837,2093,744,7,630,1231,611,243,115,0,363,947,506,190,87,7,267,284,105,53,28
2021,3,A,골목상권,1000880,효령로23길,1492,964,528,9,176,372,381,347,207,8,111,265,255,205,120,1,65,107,126,142,87
2021,3,D,발달상권,1001024,관악구 사당역_1,5523,2253,3270,3,773,1500,1762,987,498,0,178,526,614,598,337,3,595,974,1148,389,161
2021,3,D,발달상권,1001030,양재역_2,2634,1725,909,2,352,900,732,471,177,1,190,676,507,237,114,1,162,224,225,234,63
2021,3,R,전통시장,1001469,양재시장,35,22,13,0,2,10,9,7,7,0,1,7,6,3,5,0,1,3,3,4,2
2021,3,D,발달상권,1001018,포이사거리_2,7673,5359,2314,17,1162,2384,2019,1264,827,8,642,1643,1564,898,604,9,520,741,455,366,223
2021,3,R,전통시장,1001470,강남시장_강남,58,33,25,0,13,15,14,8,8,0,7,10,9,2,5,0,6,5,5,6,3
2021,3,A,골목상권,1000905,도산대로15길,123,65,58,0,31,39,28,18,7,0,16,25,14,6,4,0,15,14,14,12,3
2021,3,D,발달상권,1001014,양재동 꽃시장,1540,858,682,11,337,414,307,384,87,4,129,223,197,252,53,7,208,191,110,132,34
2021,3,A,골목상권,1000198,장한로26길,2436,1696,740,12,476,578,585,488,297,9,328,403,363,343,250,3,148,175,222,145,47
2021,3,A,골목상권,1000197,장한로26가길,122,87,35,0,9,21,43,35,14,0,5,17,29,26,10,0,4,4,14,9,4
2021,3,A,골목상권,1000897,논현로123길,162,106,56,1,28,40,50,25,18,0,12,30,36,19,9,1,16,10,14,6,9
2021,3,D,발달상권,1001108,학동역,1014,616,398,4,200,286,228,178,118,4,100,182,156,98,76,0,100,104,72,80,42
2021,3,D,발달상권,1001131,청담역_2,4142,3212,930,8,488,1228,1483,734,201,5,204,884,1286,665,168,3,284,344,197,69,33
2021,3,D,발달상권,1001111,서울 강남구 강남구청역_1,3516,2335,1181,10,494,765,795,775,677,2,239,432,554,593,515,8,255,333,241,182,162
2021,3,A,골목상권,1000949,백제고분로39길,566,393,173,1,75,109,125,120,136,0,45,66,83,78,121,1,30,43,42,42,15
2021,3,D,발달상권,1001073,서울 강남구 역삼역_1,22546,15049,7497,58,3955,7231,6313,3264,1725,30,2092,4600,4715,2438,1174,28,1863,2631,1598,826,551
2021,3,A,골목상권,1000922,삼성로69길,2064,1086,978,2,296,446,473,418,429,1,119,256,258,215,237,1,177,190,215,203,192
2021,3,U,관광특구,1001495,잠실 관광특구,24375,14199,10176,120,4722,6565,5617,4514,2837,51,2484,4186,3496,2297,1685,69,2238,2379,2121,2217,1152
2021,3,A,골목상권,1000177,답십리로69길,533,270,263,1,71,86,126,154,95,0,26,46,64,72,62,1,45,40,62,82,33
2021,3,D,발달상권,1001201,서울 중구 신당역_1,277,142,135,0,39,41,59,61,77,0,10,15,31,33,53,0,29,26,28,28,24
2021,3,A,골목상권,1000109,성수이로7길,1442,895,547,4,242,400,348,227,221,3,133,249,258,144,108,1,109,151,90,83,113
2021,3,R,전통시장,1001295,행당시장,314,140,174,0,44,60,95,76,39,0,15,25,42,33,25,0,29,35,53,43,14
2021,3,A,골목상권,1000137,능동로13길,221,109,112,1,40,57,52,53,18,1,17,32,22,23,14,0,23,25,30,30,4
2021,3,A,골목상권,1000021,창경궁로35길,787,171,616,0,126,225,255,154,27,0,12,43,63,36,17,0,114,182,192,118,10
2021,3,A,골목상권,1000848,남부순환로317길,2386,1532,854,4,366,708,587,425,296,0,186,453,431,256,206,4,180,255,156,169,90
2021,3,U,관광특구,1001494,종로·청계 관광특구,32935,17150,15785,68,5357,9965,9483,6401,1661,15,2285,4911,4591,4158,1190,53,3072,5054,4892,2243,471
2021,3,D,발달상권,1001244,경희대학교,70,24,46,0,9,19,16,11,15,0,5,7,5,3,4,0,4,12,11,8,11
2021,3,A,골목상권,1000715,신길로39길,56,32,24,0,4,9,19,16,8,0,0,5,11,10,6,0,4,4,8,6,2
2021,3,D,발달상권,1001122,여의도 시범아파트앞,10435,6976,3459,52,1305,2401,3558,2563,556,20,676,1603,2081,2202,394,32,629,798,1477,361,162
2021,3,A,골목상권,1000487,숭문길,1467,1016,451,0,103,135,224,546,459,0,34,100,181,391,310,0,69,35,43,155,149
2021,3,A,골목상권,1000466,동교로17길,405,240,165,0,53,88,104,99,61,0,19,46,69,61,45,0,34,42,35,38,16
2021,3,A,골목상권,1000500,월드컵로19길,284,181,103,0,33,78,72,63,38,0,17,45,41,51,27,0,16,33,31,12,11
2021,3,A,골목상권,1000826,인헌길,115,61,54,2,17,28,38,18,12,2,4,17,18,8,12,0,13,11,20,10,0
2021,3,A,골목상권,1000730,영등포로80길,96,48,48,0,5,18,10,40,23,0,1,5,7,20,15,0,4,13,3,20,8
2021,3,A,골목상권,1000720,양평로22라길,555,299,256,0,82,126,147,125,75,0,28,77,86,58,50,0,54,49,61,67,25
2021,3,A,골목상권,1000701,도림로63길,53,41,12,0,3,11,13,16,10,0,2,8,10,12,9,0,1,3,3,4,1
2021,3,D,발달상권,1001119,영등포역_2,583,245,338,0,63,94,124,151,151,0,22,53,52,42,76,0,41,41,72,109,75
2021,3,D,발달상권,1001121,영등포역_3,121,70,51,0,9,17,30,30,35,0,3,10,19,15,23,0,6,7,11,15,12
2021,3,A,골목상권,1000813,서림7길,116,58,58,1,26,27,23,19,20,1,11,13,9,11,13,0,15,14,14,8,7
2021,3,D,발달상권,1001031,서울 관악구 신림역_1,615,316,299,4,28,56,85,160,282,1,17,38,45,60,155,3,11,18,40,100,127
2021,3,A,골목상권,1000784,관천로15길,236,149,87,1,28,49,55,60,43,1,15,31,33,39,30,0,13,18,22,21,13
2021,3,A,골목상권,1000696,대림로44길,411,289,122,1,46,91,100,99,74,0,31,64,72,74,48,1,15,27,28,25,26
2021,3,A,골목상권,1000444,신촌로37길,52,25,27,0,7,7,14,12,12,0,0,4,7,8,6,0,7,3,7,4,6
2021,3,R,전통시장,1001439,대림중앙시장,42,29,13,3,10,10,11,3,5,2,8,6,8,1,4,1,2,4,3,2,1
2021,3,A,골목상권,1000829,조원로10길,397,215,182,1,38,105,82,96,75,0,12,55,50,53,45,1,26,50,32,43,30
2021,3,A,골목상권,1000807,미성5길,309,154,155,2,38,36,51,93,89,2,17,23,32,46,34,0,21,13,19,47,55
2021,3,A,골목상권,1000782,관악로28길,122,39,83,0,21,21,29,29,22,0,3,6,10,10,10,0,18,15,19,19,12
2021,3,A,골목상권,1000801,남현2길,568,398,170,0,90,149,146,121,62,0,45,104,107,91,51,0,45,45,39,30,11
2021,3,A,골목상권,1000819,신림로48길,75,49,26,0,12,16,16,21,10,0,6,11,11,14,7,0,6,5,5,7,3
2021,3,A,골목상권,1000821,신림로65길,228,175,53,0,2,3,31,27,165,0,1,1,17,17,139,0,1,2,14,10,26
2021,3,A,골목상권,1000789,난곡로24길,89,34,55,0,12,18,21,31,7,0,5,8,5,11,5,0,7,10,16,20,2
2021,3,A,골목상권,1000793,난우길,217,121,96,1,36,43,39,50,48,0,22,25,24,19,31,1,14,18,15,31,17
2021,3,D,발달상권,1001224,서울 동대문구 신설동역_1,1543,677,866,1,155,220,264,365,538,0,38,73,128,150,288,1,117,147,136,215,250
2021,3,D,발달상권,1001125,학동사거리_2,2498,1332,1166,4,411,819,736,417,111,1,130,397,455,280,69,3,281,422,281,137,42
2021,3,A,골목상권,1000935,테헤란로81길,1637,791,846,12,460,575,329,151,110,1,176,265,179,88,82,11,284,310,150,63,28
2021,3,R,전통시장,1001323,답십리시장,93,40,53,2,19,25,23,11,13,2,4,9,11,6,8,0,15,16,12,5,5
2021,3,A,골목상권,1000873,서초대로64길,829,489,340,1,114,180,229,182,123,0,46,112,137,106,88,1,68,68,92,76,35
2021,3,R,전통시장,1001388,영진시장,29,14,15,0,4,5,11,7,2,0,2,2,6,2,2,0,2,3,5,5,0
2021,3,A,골목상권,1000200,장한로27길,167,119,48,1,28,42,40,24,32,1,21,36,25,18,18,0,7,6,15,6,14
2021,3,A,골목상권,1000370,방학로15길,687,454,233,0,106,151,156,156,118,0,55,94,104,99,102,0,51,57,52,57,16
2021,3,R,전통시장,1001315,동서시장,5,3,2,0,0,0,1,2,2,0,0,0,1,0,2,0,0,0,0,2,0
2021,3,A,골목상권,1000573,곰달래로60길,221,146,75,0,22,42,50,50,57,0,16,27,26,34,43,0,6,15,24,16,14
2021,3,R,전통시장,1001474,도곡시장,57,25,32,0,3,7,15,13,19,0,1,4,4,6,10,0,2,3,11,7,9
2021,3,R,전통시장,1001327,이경시장,16,8,8,0,0,1,2,2,11,0,0,1,1,1,5,0,0,0,1,1,6
2021,3,A,골목상권,1000179,망우로18가길,114,75,39,0,9,19,30,43,13,0,7,11,17,30,10,0,2,8,13,13,3
2021,3,R,전통시장,1001421,개봉중앙시장,10,7,3,0,0,0,3,5,2,0,0,0,3,2,2,0,0,0,0,3,0
2021,3,R,전통시장,1001373,신응암시장,17,10,7,0,0,3,2,5,7,0,0,0,1,3,6,0,0,3,1,2,1
2021,3,D,발달상권,1001118,문래동 주민센터,6184,3312,2872,22,1447,1843,1639,925,308,11,558,994,994,525,230,11,889,849,645,400,78
2021,3,A,골목상권,1000755,사당로30길,514,180,334,3,172,121,96,69,53,0,29,33,35,38,45,3,143,88,61,31,8
2021,3,D,발달상권,1001182,홍익대학교 주변,8725,5062,3663,86,2052,2308,1888,1433,958,58,988,1319,1181,821,695,28,1064,989,707,612,263
2021,3,A,골목상권,1000904,도곡로37길,7206,4518,2688,86,2133,1928,1631,1061,367,31,1142,1317,1156,613,259,55,991,611,475,448,108
2021,3,A,골목상권,1000157,용마산로3길,541,431,110,0,112,154,121,81,73,0,92,115,94,62,68,0,20,39,27,19,5
2021,3,A,골목상권,1000474,만리재옛길,1190,687,503,2,343,341,267,145,92,2,216,232,119,64,54,0,127,109,148,81,38
2021,3,A,골목상권,1000845,강남대로34길,1734,1204,530,13,349,492,398,253,229,12,174,359,306,178,175,1,175,133,92,75,54
2021,3,A,골목상권,1000426,증산로5길,508,308,200,0,71,119,142,102,74,0,35,78,76,55,64,0,36,41,66,47,10
2021,3,A,골목상권,1000399,연서로11길,640,263,377,0,197,173,142,98,30,0,47,66,69,59,22,0,150,107,73,39,8
2021,3,A,골목상권,1000390,갈현로1길,66,36,30,0,4,13,16,19,14,0,2,7,7,9,11,0,2,6,9,10,3
2021,3,D,발달상권,1001249,서울 은평구 불광역_2,116,39,77,0,15,24,18,22,37,0,2,8,8,9,12,0,13,16,10,13,25
2021,3,R,전통시장,1001370,역촌중앙시장,9,3,6,0,0,1,2,2,4,0,0,0,1,1,1,0,0,1,1,1,3
2021,3,A,골목상권,1000916,봉은사로68길,1265,789,476,3,247,453,315,156,91,2,120,271,223,110,63,1,127,182,92,46,28
2021,3,R,전통시장,1001372,녹번시장,22,9,13,0,3,6,5,4,4,0,0,4,1,1,3,0,3,2,4,3,1
2021,3,A,골목상권,1000420,응암로22길,130,53,77,0,18,20,28,41,23,0,2,5,12,21,13,0,16,15,16,20,10
2021,3,A,골목상권,1000586,등촌로51길,239,137,102,0,19,43,91,56,30,0,7,21,57,30,22,0,12,22,34,26,8
2021,3,A,골목상권,1000428,증산서길,334,189,145,0,54,95,79,62,44,0,26,59,45,35,24,0,28,36,34,27,20
2021,3,R,전통시장,1001394,목2동시장,432,251,181,1,66,124,122,71,48,1,40,69,70,39,32,0,26,55,52,32,16
2021,3,A,골목상권,1000525,목동중앙로3길,157,95,62,2,15,32,37,45,26,2,4,21,26,28,14,0,11,11,11,17,12
2021,3,A,골목상권,1000604,화곡로20길,355,193,162,2,31,70,76,115,61,1,20,45,43,53,31,1,11,25,33,62,30
2021,3,A,골목상권,1000512,남부순환로33길,179,116,63,0,18,39,48,45,29,0,12,25,30,30,19,0,6,14,18,15,10
2021,3,A,골목상권,1000204,전농로3길,170,120,50,0,20,32,33,59,26,0,13,24,21,43,19,0,7,8,12,16,7
2021,3,A,골목상권,1000539,오목로5길,120,85,35,0,5,14,42,40,19,0,3,10,27,30,15,0,2,4,15,10,4
2021,3,R,전통시장,1001405,신정2동골목시장,41,13,28,0,2,10,15,11,3,0,0,3,7,1,2,0,2,7,8,10,1
2021,3,A,골목상권,1000541,은행정로7길,472,183,289,0,48,98,96,145,85,0,22,40,48,48,25,0,26,58,48,97,60
2021,3,D,발달상권,1001126,서울 양천구 신정네거리역_2,28,18,10,0,2,6,6,9,5,0,2,4,1,6,5,0,0,2,5,3,0
2021,3,A,골목상권,1000600,초록마을로3길,439,355,84,0,19,52,59,72,237,0,5,30,35,59,226,0,14,22,24,13,11
2021,3,A,골목상권,1000640,도림로12길,186,124,62,0,41,78,44,14,9,0,24,53,36,6,5,0,17,25,8,8,4
2021,3,A,골목상권,1000558,강서로35길,280,120,160,0,21,43,85,79,52,0,8,14,38,31,29,0,13,29,47,48,23
2021,3,D,발달상권,1001198,서울 강서구 송정역,335,140,195,0,38,64,82,87,64,0,10,24,31,30,45,0,28,40,51,57,19
2021,3,A,골목상권,1000556,강서로18길,676,545,131,3,90,227,163,152,41,3,67,185,131,123,36,0,23,42,32,29,5
2021,3,A,골목상권,1000612,개봉로1길,187,126,61,1,35,52,49,33,17,1,17,36,33,27,12,0,18,16,16,6,5
2021,3,A,골목상권,1000553,가로공원로80길,270,175,95,2,23,50,78,75,42,1,13,34,58,44,25,1,10,16,20,31,17
2021,3,D,발달상권,1001210,시청역_2,14646,9603,5043,66,2984,4856,4028,2143,569,29,1335,2997,3082,1688,472,37,1649,1859,946,455,97
2021,3,A,골목상권,1000643,디지털로32가길,2221,1322,899,3,425,729,552,311,201,2,218,459,354,158,131,1,207,270,198,153,70
2021,3,A,골목상권,1000884,방배중앙로21길,7153,2605,4548,7,1237,1765,2477,1306,361,1,330,590,942,590,152,6,907,1175,1535,716,209
2021,3,A,골목상권,1000081,한강대로62길,1047,535,512,1,171,234,275,263,103,1,97,112,157,115,53,0,74,122,118,148,50
2021,3,A,골목상권,1000498,월드컵로11길,421,153,268,0,98,81,120,83,39,0,41,30,37,29,16,0,57,51,83,54,23
2021,3,D,발달상권,1001186,서울 서대문구 이대역,380,160,220,4,75,78,102,73,48,1,27,28,38,31,35,3,48,50,64,42,13
2021,3,A,골목상권,1000690,당산로38길,676,471,205,3,115,155,176,131,96,3,44,102,145,103,74,0,71,53,31,28,22
2021,3,D,발달상권,1001145,용산 전자상가_1,3893,2851,1042,18,653,1252,1021,732,217,12,383,882,805,612,157,6,270,370,216,120,60
2021,3,D,발달상권,1001153,당산역_1,310,186,124,1,27,56,90,73,63,1,6,33,47,44,55,0,21,23,43,29,8
2021,3,D,발달상권,1001087,서울 강남구 선릉역_2,40183,20392,19791,100,7240,10457,10558,10272,1556,54,4770,7267,4954,2337,1010,46,2470,3190,5604,7935,546
2021,3,R,전통시장,1001452,중부시장,102,40,62,1,5,10,22,39,25,0,2,3,7,16,12,1,3,7,15,23,13
2021,3,A,골목상권,1000894,논현로106길,1488,1027,461,2,212,449,431,225,169,2,108,318,330,152,117,0,104,131,101,73,52
2021,3,A,골목상권,1000832,중앙길,99,30,69,0,11,15,25,31,17,0,1,4,5,10,10,0,10,11,20,21,7
2021,3,A,골목상권,1000785,관천로22길,194,117,77,0,31,30,62,44,27,0,13,19,34,30,21,0,18,11,28,14,6
2021,3,R,전통시장,1001454,봉천제일종합시장,6,1,5,0,4,0,2,0,0,0,0,0,1,0,0,0,4,0,1,0,0
2021,3,A,골목상권,1000093,마장로27길,197,92,105,1,38,51,38,49,20,0,16,21,15,27,13,1,22,30,23,22,7
2021,3,R,전통시장,1001266,동대문종합시장,1319,965,354,2,156,325,348,339,149,0,116,251,238,247,113,2,40,74,110,92,36
2021,3,D,발달상권,1001161,건대입구역,24,11,13,0,5,2,5,8,4,0,2,2,2,3,2,0,3,0,3,5,2
2021,3,A,골목상권,1000061,신흥로20길,178,118,60,0,26,36,57,37,22,0,11,27,40,27,13,0,15,9,17,10,9
2021,3,D,발달상권,1001202,롯데백화점,27149,9657,17492,236,13497,8422,2946,1798,250,71,3513,3007,1835,1029,202,165,9984,5415,1111,769,48
2021,3,A,골목상권,1000045,퇴계로18길,967,435,532,2,118,152,175,254,266,2,51,69,83,87,143,0,67,83,92,167,123
2021,3,A,골목상권,1000242,면목로33길,86,28,58,1,6,19,14,23,23,0,3,5,6,9,5,1,3,14,8,14,18
2021,3,R,전통시장,1001279,동평화시장,178,121,57,0,17,34,34,64,29,0,8,24,21,44,24,0,9,10,13,20,5
2021,3,R,전통시장,1001280,제일평화시장,53,29,24,1,6,16,16,11,3,1,1,10,9,6,2,0,5,6,7,5,1
2021,3,R,전통시장,1001275,인현시장,167,123,44,0,3,25,47,54,38,0,3,16,35,40,29,0,0,9,12,14,9
2021,3,A,골목상권,1000038,동호로8길,386,160,226,0,57,89,87,78,75,0,24,37,41,23,35,0,33,52,46,55,40
2021,3,A,골목상권,1000056,두텁바위로1길,1111,483,628,7,136,259,329,261,119,3,25,84,126,154,91,4,111,175,203,107,28
2021,3,A,골목상권,1000105,서울숲2길,335,196,139,0,46,89,104,57,39,0,18,45,59,39,35,0,28,44,45,18,4
2021,3,A,골목상권,1000112,송정4가길,291,123,168,0,32,46,81,63,69,0,5,16,22,25,55,0,27,30,59,38,14
2021,3,R,전통시장,1001332,사가정시장,86,28,58,0,13,17,24,19,13,0,0,3,6,8,11,0,13,14,18,11,2
2021,3,A,골목상권,1000163,자양로53길,170,120,50,1,25,29,47,39,29,1,18,24,29,24,24,0,7,5,18,15,5
2021,3,A,골목상권,1000151,아차산로40길,357,207,150,1,96,67,73,59,61,1,46,39,39,34,48,0,50,28,34,25,13
2021,3,A,골목상권,1000149,뚝섬로64길,239,127,112,1,37,35,74,52,40,0,18,18,33,29,29,1,19,17,41,23,11
2021,3,A,골목상권,1000312,화랑로1길,1112,811,301,0,36,35,143,177,721,0,19,25,85,121,561,0,17,10,58,56,160
2021,3,A,골목상권,1000287,오패산로3길,310,187,123,1,51,73,80,72,33,1,22,41,51,50,22,0,29,32,29,22,11
2021,3,A,골목상권,1000235,동일로140길,432,314,118,0,28,49,111,128,116,0,18,27,65,99,105,0,10,22,46,29,11
2021,3,A,골목상권,1000292,인촌로24길,1580,1010,570,1,137,419,504,378,141,0,52,209,332,287,130,1,85,210,172,91,11
2021,3,A,골목상권,1000274,보문로13길,1048,741,307,3,34,68,110,126,707,0,16,41,77,81,526,3,18,27,33,45,181
2021,3,A,골목상권,1000455,통일로39길,67,32,35,0,5,8,21,20,13,0,0,3,9,9,11,0,5,5,12,11,2
2021,3,A,골목상권,1000299,정릉로8길,1407,1165,242,15,213,430,343,240,166,14,151,387,297,213,103,1,62,43,46,27,63
2021,3,D,발달상권,1001246,미아사거리_1,210,68,142,0,22,33,48,69,38,0,11,13,15,12,17,0,11,20,33,57,21
2021,3,A,골목상권,1000288,오패산로4길,841,540,301,0,63,154,174,140,310,0,23,79,91,69,278,0,40,75,83,71,32
2021,3,A,골목상권,1000307,한천로101가길,15,9,6,0,1,1,3,4,6,0,0,1,1,2,5,0,1,0,2,2,1
2021,3,A,골목상권,1000442,세무서길,164,78,86,1,30,22,31,37,43,1,9,8,10,26,24,0,21,14,21,11,19
2021,3,A,골목상권,1000280,삼선교로16가길,99,42,57,0,7,9,20,25,38,0,4,7,13,11,7,0,3,2,7,14,31
2021,3,A,골목상권,1000279,삼선교로10다길,38,17,21,0,3,3,11,15,6,0,0,2,9,5,1,0,3,1,2,10,5
2021,3,A,골목상권,1000284,아리랑로4길,595,281,314,2,70,92,125,182,124,1,24,43,54,86,73,1,46,49,71,96,51
2021,3,A,골목상권,1000347,한천로124나길,54,23,31,0,7,11,12,15,9,0,2,1,4,8,8,0,5,10,8,7,1
2021,3,R,전통시장,1001345,새석관시장,3,1,2,0,0,0,1,2,0,0,0,0,0,1,0,0,0,0,1,1,0
2021,3,A,골목상권,1000326,도봉로99길,250,155,95,0,31,61,81,54,23,0,27,42,43,26,17,0,4,19,38,28,6
2021,3,D,발달상권,1001259,서울 강북구 수유역_3,70,36,34,0,6,19,21,15,9,0,0,10,12,7,7,0,6,9,9,8,2
2021,3,A,골목상권,1000328,삼양로20길,179,168,11,0,7,12,34,65,61,0,4,11,31,62,60,0,3,1,3,3,1
2021,3,R,전통시장,1001350,숭인시장,62,27,35,0,9,13,10,15,15,0,0,4,1,9,13,0,9,9,9,6,2
2021,3,D,발달상권,1001216,서울 종로구 종로3가역_1,2657,1167,1490,3,418,737,592,496,411,0,113,285,252,256,261,3,305,452,340,240,150
2021,3,A,골목상권,1000440,세검정로1길,109,37,72,0,13,20,36,21,19,0,2,6,9,9,11,0,11,14,27,12,8
2021,3,A,골목상권,1000458,광성로6길,295,169,126,1,19,52,63,76,84,1,9,26,34,43,56,0,10,26,29,33,28
2021,3,A,골목상권,1000445,연희로10길,3448,3135,313,2,390,669,570,1483,334,1,342,592,477,1410,313,1,48,77,93,73,21
2021,3,A,골목상권,1000718,신길로60길,260,196,64,0,8,10,44,60,138,0,3,5,21,39,128,0,5,5,23,21,10
2021,3,D,발달상권,1001016,서울 관악구 대학동_1,662,558,104,2,30,79,181,272,98,0,13,54,158,244,89,2,17,25,23,28,9
2021,3,R,전통시장,1001390,망원시장,173,81,92,0,16,30,44,48,35,0,13,19,19,15,15,0,3,11,25,33,20
2021,3,D,발달상권,1001167,서울 마포구 공덕역_1,2420,796,1624,8,575,414,504,810,109,4,252,223,144,100,73,4,323,191,360,710,36
2021,3,D,발달상권,1001142,국회의사당역_1,4563,3517,1046,15,837,1316,1212,940,243,2,498,969,1020,837,191,13,339,347,192,103,52
2021,3,A,골목상권,1000691,당산로46길,698,529,169,4,83,189,186,138,98,0,44,145,146,110,84,4,39,44,40,28,14
2021,3,R,전통시장,1001436,사러가시장,57,35,22,0,1,15,20,19,2,0,1,7,12,13,2,0,0,8,8,6,0
2021,3,A,골목상권,1000822,신사로20길,121,93,28,0,16,22,36,29,18,0,15,14,30,23,11,0,1,8,6,6,7
2021,3,A,골목상권,1000723,여의대방로39길,193,112,81,2,11,21,29,51,79,2,7,15,12,24,52,0,4,6,17,27,27
2021,3,A,골목상권,1000708,디지털로57길,1036,639,397,0,32,53,156,225,570,0,25,36,82,138,358,0,7,17,74,87,212
2021,3,D,발달상권,1001028,서울 관악구 서울대입구역_2,57,28,29,0,8,5,19,8,17,0,3,1,6,5,13,0,5,4,13,3,4
2021,3,A,골목상권,1000800,남부순환로248길,404,213,191,2,62,135,96,72,37,0,23,74,50,45,21,2,39,61,46,27,16
2021,3,A,골목상권,1000827,장군봉1길,326,166,160,0,65,82,77,69,33,0,14,46,40,39,27,0,51,36,37,30,6
2021,3,R,전통시장,1001466,미성동도깨비시장,75,16,59,0,0,16,28,24,7,0,0,7,5,2,2,0,0,9,23,22,5
2021,3,A,골목상권,1000190,약령시로17길,109,77,32,0,14,31,31,25,8,0,9,21,21,19,7,0,5,10,10,6,1
2021,3,A,골목상권,1000903,논현로8길,1081,701,380,2,154,229,217,204,275,0,85,164,121,128,203,2,69,65,96,76,72
2021,3,A,골목상권,1000933,일원로3길,513,237,276,1,62,93,108,113,136,0,28,43,39,41,86,1,34,50,69,72,50
2021,3,A,골목상권,1000934,일원로9길,590,334,256,3,70,69,123,111,214,2,36,40,75,59,122,1,34,29,48,52,92
2021,3,D,발달상권,1001223,서울 종로구 광화문역_2,27999,17199,10800,32,3393,7355,8035,6017,3167,10,1412,4714,5366,3871,1826,22,1981,2641,2669,2146,1341
2021,3,A,골목상권,1000374,시루봉로23길,267,128,139,0,25,51,79,81,31,0,6,29,35,35,23,0,19,22,44,46,8
2021,3,A,골목상권,1001004,천호대로170길,303,177,126,1,24,44,66,58,110,1,17,32,41,26,60,0,7,12,25,32,50
2021,3,D,발달상권,1001093,신천역,4789,2992,1797,25,685,859,981,1141,1098,3,269,493,600,807,820,22,416,366,381,334,278
2021,3,A,골목상권,1000942,마천로51길,417,245,172,0,44,97,84,123,69,0,31,60,39,61,54,0,13,37,45,62,15
2021,3,A,골목상권,1000958,송파대로30길,2240,1393,847,6,486,662,557,351,178,0,190,404,395,260,144,6,296,258,162,91,34
2021,3,A,골목상권,1000952,백제고분로46길,665,472,193,3,58,92,145,215,152,3,30,59,102,154,124,0,28,33,43,61,28
2021,3,A,골목상권,1000946,백제고분로32길,725,407,318,2,56,151,206,197,113,2,29,78,109,112,77,0,27,73,97,85,36
2021,3,A,골목상권,1000954,삼전로13길,1420,916,504,11,252,325,359,238,235,0,108,224,262,144,178,11,144,101,97,94,57
2021,3,A,골목상권,1000012,옥인길,58,32,26,0,9,9,14,17,9,0,3,2,9,10,8,0,6,7,5,7,1
2021,3,R,전통시장,1001484,양지골목시장,60,36,24,0,6,8,14,17,15,0,6,5,5,10,10,0,0,3,9,7,5
2021,3,A,골목상권,1000973,구천면로42길,87,52,35,0,11,27,22,20,7,0,4,17,16,10,5,0,7,10,6,10,2
2021,3,R,전통시장,1001489,둔촌역전통시장,224,108,116,0,44,51,45,47,37,0,17,25,17,23,26,0,27,26,28,24,11
2021,3,A,골목상권,1000967,강동대로53길,1092,726,366,5,197,269,263,211,147,5,120,193,175,132,101,0,77,76,88,79,46
2021,3,A,골목상권,1000059,서빙고로71길,432,265,167,1,40,104,117,81,89,0,14,49,58,64,80,1,26,55,59,17,9
2021,3,A,골목상권,1000085,회나무로13길,90,45,45,0,13,20,26,23,8,0,7,11,8,12,7,0,6,9,18,11,1
2021,3,A,골목상권,1000026,평창길,6654,2605,4049,1,565,1950,2602,1390,146,0,195,822,1204,275,109,1,370,1128,1398,1115,37
2021,3,A,골목상권,1000119,왕십리로31길,208,95,113,1,23,49,58,41,36,1,7,17,24,19,27,0,16,32,34,22,9
2021,3,A,골목상권,1000281,삼양로8길,147,70,77,0,16,35,46,31,19,0,8,17,21,13,11,0,8,18,25,18,8
2021,3,A,골목상권,1000285,안암로5길,960,743,217,1,167,267,210,167,148,0,106,203,160,142,132,1,61,64,50,25,16
2021,3,A,골목상권,1000480,백범로16길,1908,1298,610,76,553,567,401,199,112,27,327,413,325,141,65,49,226,154,76,58,47
2021,3,A,골목상권,1000780,관악로10길,1482,1050,432,3,269,661,283,158,108,2,150,501,202,108,87,1,119,160,81,50,21
2021,3,D,발달상권,1001226,서울 종로구 종로5가역_2,16173,10184,5989,432,3951,5181,3917,2173,519,114,1661,3340,2956,1772,341,318,2290,1841,961,401,178
2021,3,A,골목상권,1000817,신림로28길,442,283,159,1,70,84,145,100,42,0,46,58,91,63,25,1,24,26,54,37,17
2021,3,A,골목상권,1000063,우사단로14길,1987,984,1003,9,439,854,523,137,25,2,107,386,353,120,16,7,332,468,170,17,9
2021,3,D,발달상권,1001138,압구정 로데오거리_1,14564,7168,7396,44,4216,5561,2876,1456,411,9,1182,2612,1841,1224,300,35,3034,2949,1035,232,111
2021,3,R,전통시장,1001284,서울중앙시장,451,320,131,0,102,148,94,56,51,0,76,107,50,41,46,0,26,41,44,15,5
2021,3,R,전통시장,1001294,마장축산물시장,532,358,174,0,59,106,132,138,97,0,45,69,86,91,67,0,14,37,46,47,30
2021,3,A,골목상권,1000096,마조로1길,30,14,16,0,4,5,11,7,3,0,1,2,6,4,1,0,3,3,5,3,2
2021,3,A,골목상권,1000014,율곡로16길,235,143,92,2,19,55,70,59,30,0,6,28,49,36,24,2,13,27,21,23,6
2021,3,D,발달상권,1001127,서울 영등포구 여의도역_1,27015,17171,9844,68,3989,9188,7870,4357,1543,7,1839,5322,5574,3343,1086,61,2150,3866,2296,1014,457
2021,3,A,골목상권,1000006,북촌로11길,671,232,439,1,209,264,104,61,32,1,37,109,40,22,23,0,172,155,64,39,9
2021,3,A,골목상권,1000203,전농로29길,461,336,125,1,55,75,140,150,40,0,36,49,104,119,28,1,19,26,36,31,12
2021,3,R,전통시장,1001306,노룬산골목시장,23,13,10,0,4,5,10,2,2,0,3,3,6,0,1,0,1,2,4,2,1
2021,3,R,전통시장,1001273,남대문시장,8186,3966,4220,71,2160,2561,1905,1091,398,32,750,1294,1199,470,221,39,1410,1267,706,621,177
2021,3,R,전통시장,1001278,남평화시장,5,3,2,0,0,4,0,0,1,0,0,2,0,0,1,0,0,2,0,0,0
2021,3,R,전통시장,1001277,방산종합시장,1190,736,454,1,96,200,284,312,297,0,56,117,154,191,218,1,40,83,130,121,79
2021,3,A,골목상권,1000035,동호로11길,337,208,129,0,49,81,97,77,33,0,19,45,67,57,20,0,30,36,30,20,13
2021,3,R,전통시장,1001283,백학시장,95,43,52,0,11,14,29,24,17,0,4,6,12,11,10,0,7,8,17,13,7
2021,3,D,발달상권,1001165,서울 광진구 건대입구역_2,529,268,261,5,120,99,97,96,112,2,32,39,53,63,79,3,88,60,44,33,33
2021,3,A,골목상권,1000031,다산로36길,91,55,36,0,2,14,27,34,14,0,0,9,18,18,10,0,2,5,9,16,4
2021,3,A,골목상권,1000084,한남대로20길,231,131,100,1,36,84,64,27,19,0,12,45,37,23,14,1,24,39,27,4,5
2021,3,A,골목상권,1000250,봉화산로30길,139,38,101,0,14,33,33,29,30,0,2,8,6,7,15,0,12,25,27,22,15
2021,3,D,발달상권,1001172,어린이대공원역,41,17,24,0,5,3,13,13,7,0,1,1,5,4,6,0,4,2,8,9,1
2021,3,A,골목상권,1000113,아차산로11길,3213,2213,1000,24,466,775,870,728,350,23,279,564,615,470,262,1,187,211,255,258,88
2021,3,A,골목상권,1000089,금호산2길,22,12,10,0,1,5,4,4,8,0,0,2,3,4,3,0,1,3,1,0,5
2021,3,A,골목상권,1000229,동일로101길,202,58,144,1,26,33,37,80,25,0,6,13,14,18,7,1,20,20,23,62,18
2021,3,A,골목상권,1000231,동일로123길,145,74,71,0,14,26,41,29,35,0,6,13,21,12,22,0,8,13,20,17,13
2021,3,A,골목상권,1000155,아차산로78길,575,421,154,0,83,170,156,94,72,0,53,137,109,67,55,0,30,33,47,27,17
2021,3,A,골목상권,1000140,능동로3길,71,45,26,0,6,15,19,16,15,0,0,9,15,11,10,0,6,6,4,5,5
2021,3,A,골목상권,1000260,중랑천로10길,207,109,98,0,18,51,79,42,17,0,6,26,37,28,12,0,12,25,42,14,5
2021,3,A,골목상권,1000241,면목로21길,54,37,17,0,2,8,16,20,8,0,1,4,10,16,6,0,1,4,6,4,2
2021,3,R,전통시장,1001341,길음시장,91,19,72,0,36,24,10,8,13,0,2,5,3,2,7,0,34,19,7,6,6
2021,3,A,골목상권,1000293,인촌로5길,63,31,32,0,6,13,16,14,14,0,5,6,7,9,4,0,1,7,9,5,10
2021,3,D,발달상권,1001245,서울 성북구 성신여대입구역,2865,1629,1236,11,290,743,775,869,177,5,119,304,436,638,127,6,171,439,339,231,50
2021,3,R,전통시장,1001333,중화제일시장,69,30,39,0,8,14,25,14,8,0,3,6,15,5,1,0,5,8,10,9,7
2021,3,A,골목상권,1000237,동일로157길,443,270,173,0,54,90,87,139,73,0,14,50,47,102,57,0,40,40,40,37,16
2021,3,A,골목상권,1000273,보국문로16길,181,97,84,0,16,34,53,42,36,0,3,14,26,27,27,0,13,20,27,15,9
2021,3,A,골목상권,1000494,와우산로29가길,989,653,336,5,235,376,221,123,29,5,106,255,160,105,22,0,129,121,61,18,7
2021,3,A,골목상권,1000339,수유로12길,281,199,82,0,35,46,56,55,89,0,8,33,38,39,81,0,27,13,18,16,8
2021,3,A,골목상권,1000294,인촌로6길,195,131,64,2,25,35,45,41,47,1,9,25,30,30,36,1,16,10,15,11,11
2021,3,A,골목상권,1000286,오패산로19길,101,36,65,1,18,30,26,18,8,1,2,12,12,5,4,0,16,18,14,13,4
2021,3,A,골목상권,1000269,동소문로15길,209,152,57,8,4,20,45,59,73,8,2,8,24,41,69,0,2,12,21,18,4
2021,3,A,골목상권,1000354,덕릉로60길,177,126,51,0,12,40,54,53,18,0,4,32,36,37,17,0,8,8,18,16,1
2021,3,A,골목상권,1000349,한천로132길,56,31,25,0,6,8,10,21,11,0,3,4,6,12,6,0,3,4,4,9,5
2021,3,A,골목상권,1000335,솔매로41길,67,38,29,0,2,9,30,15,11,0,0,4,18,10,6,0,2,5,12,5,5
2021,3,R,전통시장,1001358,수유북부시장,20,14,6,0,1,1,7,5,6,0,0,0,6,3,5,0,1,1,1,2,1
2021,3,A,골목상권,1000453,통일로11길,97,46,51,0,12,17,28,25,15,0,1,6,13,19,7,0,11,11,15,6,8
2021,3,A,골목상권,1000333,삼양로77길,131,58,73,0,12,26,40,37,16,0,5,14,17,13,9,0,7,12,23,24,7
2021,3,A,골목상권,1000316,노해로23길,70,47,23,0,8,8,18,24,12,0,6,6,12,15,8,0,2,2,6,9,4
2021,3,A,골목상권,1000350,한천로139가길,108,47,61,1,26,14,21,28,18,0,8,7,10,9,13,1,18,7,11,19,5
2021,3,A,골목상권,1000315,노해로17길,103,56,47,0,11,18,31,34,9,0,3,8,13,26,6,0,8,10,18,8,3
2021,3,R,전통시장,1001349,방천골목시장,92,55,37,0,15,10,26,32,9,0,10,8,13,17,7,0,5,2,13,15,2
2021,3,R,전통시장,1001348,동북시장,121,49,72,0,9,23,37,29,23,0,4,8,17,9,11,0,5,15,20,20,12
2021,3,R,전통시장,1001357,장미원골목시장,911,571,340,0,15,14,38,89,755,0,1,4,12,40,514,0,14,10,26,49,241
2021,3,A,골목상권,1000447,증가로10길,1463,1123,340,29,380,617,302,113,22,26,255,475,276,74,17,3,125,142,26,39,5
2021,3,A,골목상권,1000496,와우산로3길,257,176,81,0,29,57,61,76,34,0,11,35,43,60,27,0,18,22,18,16,7
2021,3,A,골목상권,1000479,방울내로9안길,619,351,268,4,145,115,139,131,85,3,47,70,88,83,60,1,98,45,51,48,25
2021,3,A,골목상권,1000688,당산로31길,1481,749,732,4,342,442,339,230,124,0,104,239,178,136,92,4,238,203,161,94,32
2021,3,A,골목상권,1000438,모래내로15길,74,54,20,0,12,13,23,22,4,0,8,9,17,17,3,0,4,4,6,5,1
2021,3,R,전통시장,1001386,신수시장,34,19,15,0,4,7,12,5,6,0,1,5,5,4,4,0,3,2,7,1,2
2021,3,A,골목상권,1000811,봉천로13길,241,86,155,0,39,72,52,65,13,0,5,28,18,30,5,0,34,44,34,35,8
2021,3,A,골목상권,1000485,성지3길,338,228,110,0,44,79,87,97,31,0,21,49,59,69,30,0,23,30,28,28,1
2021,3,A,골목상권,1000459,대흥로21길,372,188,184,0,36,55,83,110,88,0,6,21,37,68,56,0,30,34,46,42,32
2021,3,R,전통시장,1001431,영등포청과시장,23,17,6,0,1,4,7,8,3,0,1,2,6,5,3,0,0,2,1,3,0
2021,3,A,골목상권,1000468,동교로25길,1378,581,797,1,137,317,270,327,326,0,58,186,180,97,60,1,79,131,90,230,266
2021,3,A,골목상권,1000463,독막로22길,91,61,30,0,16,26,27,12,10,0,8,20,13,11,9,0,8,6,14,1,1
2021,3,D,발달상권,1001025,서울 관악구 서울대입구역_1,1502,797,705,13,298,353,337,255,246,7,119,184,177,137,173,6,179,169,160,118,73
2021,3,A,골목상권,1000794,난향길,206,89,117,0,14,56,58,57,21,0,0,22,27,29,11,0,14,34,31,28,10
2021,3,R,전통시장,1001438,우리시장,6,5,1,0,1,0,1,3,1,0,0,0,1,3,1,0,1,0,0,0,0
2021,3,D,발달상권,1001032,서울 관악구 신림역_2,166,63,103,0,34,48,33,26,25,0,7,11,16,13,16,0,27,37,17,13,9
2021,3,A,골목상권,1000837,행운길,557,428,129,2,61,163,120,107,104,0,31,118,92,90,97,2,30,45,28,17,7
2021,3,A,골목상권,1000698,대림로8길,234,113,121,0,18,50,52,75,39,0,1,19,23,42,28,0,17,31,29,33,11
2021,3,A,골목상권,1000709,디지털로74길,13,8,5,0,1,8,2,2,0,0,0,5,1,2,0,0,1,3,1,0,0
2021,3,D,발달상권,1001017,관악구 사당역_3,1538,1135,403,4,331,452,424,252,75,3,210,340,339,191,52,1,121,112,85,61,23
2021,3,A,골목상권,1000818,신림로38길,147,90,57,0,13,20,43,37,34,0,7,14,21,23,25,0,6,6,22,14,9
2021,3,R,전통시장,1001460,관악신사시장,120,63,57,0,17,20,27,37,19,0,5,10,16,20,12,0,12,10,11,17,7
2021,3,A,골목상권,1000815,신림동길,669,435,234,1,53,110,177,179,149,1,27,61,105,119,122,0,26,49,72,60,27
2021,3,A,골목상권,1000834,청룡길,404,224,180,1,27,66,135,112,63,0,6,25,76,70,47,1,21,41,59,42,16
2021,3,A,골목상권,1000930,언주로81길,5810,3989,1821,29,1001,1754,1592,924,510,8,529,1193,1198,684,377,21,472,561,394,240,133
2021,3,A,골목상권,1000920,삼성로63길,1079,554,525,3,130,330,265,244,107,1,51,131,137,152,82,2,79,199,128,92,25
2021,3,A,골목상권,1000514,남부순환로58길,282,179,103,1,38,60,66,78,39,0,24,38,42,48,27,1,14,22,24,30,12
2021,3,A,골목상권,1000544,중앙로36길,133,49,84,0,15,33,32,31,22,0,2,10,11,11,15,0,13,23,21,20,7
2021,3,A,골목상권,1000543,중앙로32길,145,87,58,1,28,32,35,34,15,1,17,20,19,20,10,0,11,12,16,14,5
2021,3,A,골목상권,1000928,선릉로18길,466,366,100,7,64,151,114,104,26,4,46,130,97,70,19,3,18,21,17,34,7
2021,3,A,골목상권,1000536,오목로23길,401,155,246,2,45,64,110,123,57,1,16,42,39,31,26,1,29,22,71,92,31
2021,3,A,골목상권,1000542,중앙로25길,97,61,36,0,1,9,28,37,22,0,0,5,19,29,8,0,1,4,9,8,14
2021,3,A,골목상권,1000572,곰달래로53길,130,89,41,0,8,22,40,31,29,0,6,17,18,24,24,0,2,5,22,7,5
2021,3,A,골목상권,1000601,초록마을로8길,116,68,48,0,9,25,45,19,18,0,0,16,26,13,13,0,9,9,19,6,5
2021,3,A,골목상권,1000606,화곡로44나길,625,559,66,0,14,42,87,210,272,0,6,22,71,198,262,0,8,20,16,12,10
2021,3,A,골목상권,1000588,등촌로5길,1524,514,1010,1,516,518,267,168,54,0,84,198,122,74,36,1,432,320,145,94,18
2021,3,A,골목상권,1000571,곰달래로47길,333,218,115,5,61,88,78,56,45,2,32,58,52,36,38,3,29,30,26,20,7
2021,3,A,골목상권,1000040,삼일대로4길,1571,1113,458,3,249,467,441,280,131,1,120,323,320,237,112,2,129,144,121,43,19
2021,3,D,발달상권,1001067,오류동역,2297,1736,561,4,331,427,533,665,337,3,286,344,402,448,253,1,45,83,131,217,84
2021,3,R,전통시장,1001415,방신전통시장,116,81,35,0,15,22,25,29,25,0,12,20,14,14,21,0,3,2,11,15,4
2021,3,A,골목상권,1000570,곰달래로31길,120,78,42,0,18,25,26,16,35,0,6,16,14,10,32,0,12,9,12,6,3
2021,3,A,골목상권,1000560,강서로45다길,243,178,65,0,17,27,60,65,74,0,5,21,38,50,64,0,12,6,22,15,10
2021,3,A,골목상권,1000620,경인로47길,657,264,393,0,151,142,153,155,56,0,45,47,53,77,42,0,106,95,100,78,14
2021,3,A,골목상권,1000602,초원로16길,523,369,154,1,74,66,85,150,147,1,16,26,49,138,139,0,58,40,36,12,8
2021,3,A,골목상권,1000591,양천로14길,257,143,114,0,18,54,68,73,44,0,10,29,32,40,32,0,8,25,36,33,12
2021,3,D,발달상권,1001096,신도림역,1674,907,767,13,244,428,478,337,174,7,100,217,233,208,142,6,144,211,245,129,32
2021,3,A,골목상권,1000574,공항대로38길,92,49,43,0,5,14,32,21,20,0,2,9,15,10,13,0,3,5,17,11,7
2021,3,A,골목상권,1000599,월정로20길,135,31,104,0,12,32,40,34,17,0,5,8,7,2,9,0,7,24,33,32,8
2021,3,A,골목상권,1000637,구로중앙로7길,86,42,44,0,10,15,14,19,28,0,0,3,7,8,24,0,10,12,7,11,4
2021,3,A,골목상권,1000668,범안로11길,1498,819,679,11,165,329,358,438,197,11,105,201,170,219,113,0,60,128,188,219,84
2021,3,D,발달상권,1001074,대림역_2,5179,3395,1784,6,528,1040,1232,1299,1074,5,324,854,904,715,593,1,204,186,328,584,481
2021,3,A,골목상권,1000664,독산로70길,74,31,43,0,4,7,18,22,23,0,0,4,6,9,12,0,4,3,12,13,11
2021,3,R,전통시장,1001429,은행나무시장,67,40,27,0,10,12,17,15,13,0,8,7,12,8,5,0,2,5,5,7,8
2021,3,A,골목상권,1000658,금하로24길,132,72,60,0,17,25,41,37,12,0,8,14,23,19,8,0,9,11,18,18,4
2021,3,D,발달상권,1001023,가산디지털단지역_2,25194,16241,8953,85,5050,8187,6217,3248,2407,52,2642,5394,4445,2032,1676,33,2408,2793,1772,1216,731
2021,3,D,발달상권,1001027,가산디지털단지역_3,22935,14390,8545,86,4897,7064,5668,3395,1825,58,2468,4477,3815,2148,1424,28,2429,2587,1853,1247,401
2021,3,A,골목상권,1000651,우마길,43,19,24,0,7,15,18,2,1,0,0,4,12,2,1,0,7,11,6,0,0
2021,3,A,골목상권,1000675,시흥대로153길,92,55,37,0,10,16,32,23,11,0,4,9,18,15,9,0,6,7,14,8,2
2021,3,R,전통시장,1001424,남문시장,76,47,29,0,4,5,19,22,26,0,1,2,8,12,24,0,3,3,11,10,2
2021,3,A,골목상권,1000767,성대로29길,297,143,154,0,108,92,50,35,12,0,51,53,23,11,5,0,57,39,27,24,7
2021,3,R,전통시장,1001426,대명시장,28,11,17,0,6,7,4,4,7,0,2,3,3,1,2,0,4,4,1,3,5
2021,3,D,발달상권,1001109,강남구 논현역_4,4927,2720,2207,15,1205,1491,1235,588,393,4,427,819,851,362,257,11,778,672,384,226,136
2021,3,A,골목상권,1000846,강남대로8길,1850,1231,619,4,242,449,462,399,294,2,121,304,315,272,217,2,121,145,147,127,77
2021,3,A,골목상권,1000779,흑석로9길,110,76,34,0,17,16,35,27,15,0,10,13,27,16,10,0,7,3,8,11,5
2021,3,A,골목상권,1000882,효령로34길,1015,653,362,1,167,364,200,154,129,1,87,239,141,96,89,0,80,125,59,58,40
2021,3,D,발달상권,1001105,서울 동작구 노량진역,436,252,184,0,69,158,103,53,53,0,20,86,77,30,39,0,49,72,26,23,14
2021,3,R,전통시장,1001440,노량진중앙시장,244,157,87,0,23,85,85,29,22,0,13,65,56,17,6,0,10,20,29,12,16
2021,3,D,발달상권,1001221,장안동사거리,1587,632,955,2,254,377,461,340,153,1,66,149,163,153,100,1,188,228,298,187,53
2021,3,R,전통시장,1001441,본동인정시장,59,41,18,0,6,10,12,15,16,0,4,7,9,8,13,0,2,3,3,7,3
2021,3,A,골목상권,1000850,남부순환로339길,1451,978,473,5,292,426,348,222,158,3,159,286,254,163,113,2,133,140,94,59,45
2021,3,A,골목상권,1000854,동광로1길,2565,1862,703,3,193,350,313,359,1347,2,86,185,162,207,1220,1,107,165,151,152,127
2021,3,A,골목상권,1000925,선릉로132길,1305,645,660,1,215,259,250,294,286,1,101,136,119,140,148,0,114,123,131,154,138
2021,3,A,골목상권,1000872,서초대로4길,847,478,369,4,169,223,242,137,72,1,87,128,142,59,61,3,82,95,100,78,11
2021,3,A,골목상권,1000858,방배천로4안길,959,401,558,1,262,281,181,126,108,0,63,103,96,68,71,1,199,178,85,58,37
2021,3,A,골목상권,1000860,바우뫼로39길,2648,1935,713,5,381,541,630,561,530,2,207,383,453,428,462,3,174,158,177,133,68
2021,3,D,발달상권,1001102,서울 강남구 학동역_1,1691,1037,654,2,321,563,365,237,203,1,145,329,229,171,162,1,176,234,136,66,41
2021,3,D,발달상권,1001100,강남구 논현역_3,2466,700,1766,10,848,817,480,217,94,2,114,259,183,87,55,8,734,558,297,130,39
2021,3,D,발달상권,1001120,도산공원사거리_1,4075,1954,2121,10,1021,1339,964,526,215,4,264,634,570,323,159,6,757,705,394,203,56
2021,3,A,골목상권,1000890,개포로20길,647,400,247,1,105,176,186,111,68,0,51,93,123,80,53,1,54,83,63,31,15
2021,3,A,골목상권,1000963,오금로11길,1427,884,543,1,182,343,311,338,252,0,64,220,209,197,194,1,118,123,102,141,58
2021,3,A,골목상권,1000173,답십리로60길,341,213,128,0,25,36,69,89,122,0,12,25,44,60,72,0,13,11,25,29,50
2021,3,A,골목상권,1000364,도봉로156길,93,62,31,0,10,20,26,25,12,0,6,10,16,20,10,0,4,10,10,5,2
2021,3,A,골목상권,1000961,양재대로71길,1999,1458,541,5,114,287,421,409,763,4,55,175,274,277,673,1,59,112,147,132,90
2021,3,A,골목상권,1000213,천호대로97길,878,590,288,0,70,82,103,194,429,0,54,64,76,133,263,0,16,18,27,61,166
2021,3,A,골목상권,1000218,휘경로14길,113,41,72,0,9,18,22,33,31,0,2,5,10,14,10,0,7,13,12,19,21
2021,3,A,골목상권,1000986,양재대로101길,677,313,364,1,91,119,173,143,150,1,28,61,80,61,82,0,63,58,93,82,68
2021,3,D,발달상권,1001041,서울 강남구 수서역,12418,6339,6079,23,1900,3177,3167,2346,1805,12,860,1669,1497,1232,1069,11,1040,1508,1670,1114,736
2021,3,R,전통시장,1001477,마천시장,102,70,32,0,14,21,24,27,16,0,10,15,12,17,16,0,4,6,12,10,0
2021,3,A,골목상권,1000998,올림픽로98길,257,169,88,0,28,39,36,71,83,0,17,26,24,57,45,0,11,13,12,14,38
2021,3,D,발달상권,1001080,서울 송파구 석촌역_1,168,96,72,0,16,30,55,36,31,0,6,14,29,23,24,0,10,16,26,13,7
2021,3,D,발달상권,1001110,잠실역,42527,22605,19922,93,6888,11193,12245,10909,1199,29,3231,7077,7098,4269,901,64,3657,4116,5147,6640,298
2021,3,A,골목상권,1000964,오금로36길,1133,803,330,4,170,264,343,235,117,2,96,183,257,165,100,2,74,81,86,70,17
2021,3,A,골목상권,1000959,양재대로62길,3230,2137,1093,2,95,370,418,407,1938,1,38,238,296,231,1333,1,57,132,122,176,605
2021,3,D,발달상권,1001173,서울 강동구 명일역,671,252,419,4,81,104,172,176,134,2,33,41,65,57,54,2,48,63,107,119,80
2021,3,D,발달상권,1001164,서울 마포구 마포역_1,3369,2292,1077,4,692,1065,808,510,290,1,334,728,619,403,207,3,358,337,189,107,83
2021,3,A,골목상권,1000983,성내로5길,1005,650,355,3,163,196,202,258,183,2,85,101,117,172,173,1,78,95,85,86,10
2021,3,A,골목상권,1001006,천호대로197길,239,168,71,0,26,45,43,60,65,0,22,34,32,35,45,0,4,11,11,25,20
2021,3,A,골목상권,1001000,진황도로47길,131,63,68,0,12,35,48,26,10,0,5,16,21,13,8,0,7,19,27,13,2
2021,3,A,골목상권,1001005,천호대로187길,371,200,171,2,49,94,78,87,61,1,13,48,39,50,49,1,36,46,39,37,12
2021,3,A,골목상권,1000192,왕산로33길,72,30,42,0,1,0,19,39,13,0,0,0,8,12,10,0,1,0,11,27,3
2021,3,R,전통시장,1001361,신도봉시장,5,5,0,0,1,0,2,2,0,0,1,0,2,2,0,0,0,0,0,0,0
2021,3,D,발달상권,1001219,서울 종로구 동대문역_1,28,17,11,0,0,2,3,11,12,0,0,1,0,8,8,0,0,1,3,3,4
2021,3,R,전통시장,1001363,쌍문역골목시장,61,14,47,0,1,2,3,26,29,0,0,2,1,0,11,0,1,0,2,26,18
2021,3,A,골목상권,1000377,해등로16길,285,134,151,0,20,23,42,82,118,0,9,17,29,30,49,0,11,6,13,52,69
2021,3,D,발달상권,1001077,선릉역_1,16454,10830,5624,44,4479,4844,3312,2334,1441,27,2322,3250,2441,1722,1068,17,2157,1594,871,612,373
2021,3,A,골목상권,1000383,상계로1길,334,244,90,0,38,93,109,64,30,0,28,74,82,41,19,0,10,19,27,23,11
2021,3,R,전통시장,1001366,상계시장,8,2,6,0,1,1,1,2,3,0,0,1,0,1,0,0,1,0,1,1,3
2021,3,R,전통시장,1001371,대조시장,15,7,8,0,1,4,8,2,0,0,0,1,5,1,0,0,1,3,3,1,0
2021,3,D,발달상권,1001020,장지역,4411,3129,1282,15,643,1002,1018,951,782,10,362,688,749,689,631,5,281,314,269,262,151
2021,3,A,골목상권,1000191,왕산로32길,129,64,65,0,36,41,16,21,15,0,11,18,10,14,11,0,25,23,6,7,4
2021,3,D,발달상권,1001057,교대역_2,3971,2510,1461,2,682,1375,1042,592,278,0,324,870,701,418,197,2,358,505,341,174,81
2021,3,A,골목상권,1000966,풍성로25길,84,43,41,0,16,16,22,22,8,0,5,8,13,11,6,0,11,8,9,11,2
2021,3,A,골목상권,1000086,효창원로39길,163,87,76,0,9,33,42,46,33,0,2,13,21,27,24,0,7,20,21,19,9
2021,3,A,골목상권,1000481,성미산로11길,1114,807,307,9,182,312,292,194,125,9,92,221,223,158,104,0,90,91,69,36,21
2021,3,A,골목상권,1000927,선릉로146길,1123,536,587,3,246,393,245,144,92,2,66,174,142,90,62,1,180,219,103,54,30
2021,3,A,골목상권,1000258,용마산로118길,108,63,45,1,11,17,28,30,21,0,2,8,13,23,17,1,9,9,15,7,4
2021,3,D,발달상권,1001199,서울 중구 충무로역_2,16329,7851,8478,75,2774,4426,4616,3271,1167,23,832,2343,2394,1543,716,52,1942,2083,2222,1728,451
2021,3,D,발달상권,1001208,서울 중구 을지로3가역_2,3181,2166,1015,5,367,777,795,650,587,1,169,518,553,463,462,4,198,259,242,187,125
2021,3,A,골목상권,1000357,도당로19길,597,66,531,0,19,44,162,324,48,0,7,17,12,19,11,0,12,27,150,305,37
2021,3,A,골목상권,1000406,연서로29길,100,60,40,2,18,20,25,20,15,1,9,13,11,14,12,1,9,7,14,6,3
2021,3,D,발달상권,1001050,교대역_1,17722,8352,9370,88,3981,4656,4461,3192,1344,38,1424,2391,2134,1453,912,50,2557,2265,2327,1739,432
2021,3,A,골목상권,1000431,통일로69길,107,55,52,0,18,23,35,21,10,0,10,13,16,10,6,0,8,10,19,11,4
2021,3,A,골목상권,1000430,진흥로1길,310,165,145,0,62,58,69,58,63,0,19,31,43,35,37,0,43,27,26,23,26
2021,3,A,골목상권,1000529,목동중앙서로7길,75,52,23,0,2,13,18,26,16,0,2,10,11,16,13,0,0,3,7,10,3
2021,3,D,발달상권,1001148,목동사거리,41,13,28,0,4,9,10,10,8,0,0,1,2,4,6,0,4,8,8,6,2
2021,3,A,골목상권,1000527,목동중앙북로16길,488,190,298,0,115,112,107,105,49,0,33,43,53,39,22,0,82,69,54,66,27
2021,3,A,골목상권,1000535,신월로20길,47,30,17,0,3,6,10,16,12,0,3,2,4,12,9,0,0,4,6,4,3
2021,3,A,골목상권,1000509,곰달래로2길,610,344,266,1,82,114,132,187,94,0,40,70,72,104,58,1,42,44,60,83,36
2021,3,A,골목상권,1000511,곰달래로5길,211,125,86,0,13,40,49,71,38,0,7,19,30,43,26,0,6,21,19,28,12
2021,3,A,골목상권,1000530,목동중앙서로8가길,317,200,117,0,55,93,87,62,20,0,20,52,56,55,17,0,35,41,31,7,3
2021,3,A,골목상권,1000531,신목로2길,386,255,131,2,39,76,102,119,48,1,32,60,70,65,27,1,7,16,32,54,21
2021,3,R,전통시장,1001406,신정3동골목시장,123,81,42,0,2,20,31,25,45,0,0,11,15,17,38,0,2,9,16,8,7
2021,3,A,골목상권,1000597,양천로73가길,468,360,108,1,42,76,123,116,110,1,17,56,93,95,98,0,25,20,30,21,12
2021,3,A,골목상권,1000581,국회대로7길,215,101,114,0,27,35,46,62,45,0,14,21,24,23,19,0,13,14,22,39,26
2021,3,D,발달상권,1001179,강서구청,4278,2468,1810,2,621,1337,1106,1004,208,1,238,701,650,729,149,1,383,636,456,275,59
2021,3,A,골목상권,1000652,중앙로15길,171,106,65,2,12,23,37,63,34,2,9,13,17,36,29,0,3,10,20,27,5
2021,3,R,전통시장,1001427,현대시장,139,42,97,0,13,23,49,40,14,0,4,3,12,17,6,0,9,20,37,23,8
2021,3,R,전통시장,1001414,송화골목시장,119,44,75,2,23,18,25,33,18,0,6,7,9,13,9,2,17,11,16,20,9
2021,3,R,전통시장,1001409,화곡중앙골목시장,75,32,43,0,4,11,21,22,17,0,2,2,9,8,11,0,2,9,12,14,6
2021,3,A,골목상권,1000665,독산로78다길,195,124,71,0,15,35,63,49,33,0,11,21,39,31,22,0,4,14,24,18,11
2021,3,A,골목상권,1000625,공원로6가길,1158,755,403,0,142,320,322,283,91,0,69,217,230,178,61,0,73,103,92,105,30
2021,3,A,골목상권,1000673,시흥대로141길,214,142,72,1,26,30,60,48,49,0,12,15,39,36,40,1,14,15,21,12,9
2021,3,R,전통시장,1001425,푸른터시장,3,2,1,0,0,1,0,2,0,0,0,1,0,1,0,0,0,0,0,1,0
2021,3,A,골목상권,1000868,사평대로57길,65,33,32,0,6,20,19,16,4,0,0,8,13,8,4,0,6,12,6,8,0
2021,3,D,발달상권,1001022,관악구 사당역_2,744,453,291,4,116,191,213,147,73,3,54,120,124,98,54,1,62,71,89,49,19
2021,3,A,골목상권,1000662,독산로50길,27,6,21,0,3,2,8,6,8,0,1,0,1,2,2,0,2,2,7,4,6
2021,3,A,골목상권,1000776,장승배기로19길,518,409,109,0,195,135,75,49,64,0,177,105,47,38,42,0,18,30,28,11,22
2021,3,A,골목상권,1000775,장승배기로10길,223,90,133,0,25,37,45,71,45,0,7,21,23,24,15,0,18,16,22,47,30
2021,3,R,전통시장,1001418,남구로시장,236,135,101,1,16,48,57,60,54,0,7,29,29,32,38,1,9,19,28,28,16
2021,3,R,전통시장,1001444,상도전통시장,239,104,135,0,33,60,53,58,35,0,12,23,23,24,22,0,21,37,30,34,13
2021,3,A,골목상권,1000733,국사봉1길,85,52,33,0,6,26,29,13,11,0,1,16,21,6,8,0,5,10,8,7,3
2021,3,A,골목상권,1000743,동작대로7길,182,84,98,0,17,34,50,32,49,0,4,17,27,14,22,0,13,17,23,18,27
2021,3,A,골목상권,1000737,대방동27길,465,223,242,0,65,103,104,127,66,0,13,53,55,60,42,0,52,50,49,67,24
2021,3,A,골목상권,1000771,여의대방로22나길,188,95,93,1,16,24,28,36,83,1,10,11,12,18,43,0,6,13,16,18,40
2021,3,A,골목상권,1000778,흑석로13길,77,33,44,0,10,16,23,16,12,0,1,6,12,6,8,0,9,10,11,10,4
2021,3,A,골목상권,1000876,언남길,1128,742,386,2,185,268,315,221,137,1,103,166,200,164,108,1,82,102,115,57,29
2021,3,A,골목상권,1000763,서달로14길,21,7,14,0,1,4,5,8,3,0,0,1,2,2,2,0,1,3,3,6,1
2021,3,D,발달상권,1001062,서울 강남구 강남역_1,25938,14288,11650,88,6203,8644,6930,3220,853,23,2496,4807,4065,2245,652,65,3707,3837,2865,975,201
2021,3,D,발달상권,1001088,삼성역_1,18695,12565,6130,46,3102,6080,5006,2754,1707,11,1278,3732,3928,2304,1312,35,1824,2348,1078,450,395
2021,3,D,발달상권,1001091,삼성역_2,7062,3420,3642,99,1597,2230,1528,1086,522,37,550,1091,782,576,384,62,1047,1139,746,510,138
2021,3,D,발달상권,1001085,서울 서초구 강남역,19954,10752,9202,87,3785,5943,5391,3023,1725,20,1295,3113,3321,1925,1078,67,2490,2830,2070,1098,647
2021,3,A,골목상권,1000862,방배로18길,873,535,338,2,204,317,196,92,62,0,70,192,159,69,45,2,134,125,37,23,17
2021,3,A,골목상권,1000906,도산대로23길,425,176,249,0,64,130,144,68,19,0,22,54,61,27,12,0,42,76,83,41,7
2021,3,D,발달상권,1001140,서울 강남구 압구정역,9345,4345,5000,138,2196,2712,1783,1262,1254,52,770,1254,1093,579,597,86,1426,1458,690,683,657
2021,3,A,골목상권,1000938,학동로6길,1447,977,470,3,178,205,353,375,333,3,125,151,242,236,220,0,53,54,111,139,113
2021,3,A,골목상권,1000913,봉은사로29길,1860,1203,657,7,370,565,424,285,209,5,167,321,302,226,182,2,203,244,122,59,27
2021,3,A,골목상권,1000953,백제고분로50길,1209,796,413,1,162,369,347,203,127,1,78,251,246,132,88,0,84,118,101,71,39
2021,3,D,발달상권,1001130,청담역_1,4062,2913,1149,4,537,1316,1138,883,184,3,298,854,890,736,132,1,239,462,248,147,52
2021,3,A,골목상권,1000020,지봉로8길,183,90,93,0,31,43,41,44,24,0,6,21,19,25,19,0,25,22,22,19,5
2021,3,A,골목상권,1000010,성균관로5길,148,84,64,2,6,17,31,31,61,2,2,7,17,19,37,0,4,10,14,12,24
2021,3,A,골목상권,1000210,천호대로17길,2512,1893,619,13,465,723,603,428,280,7,362,536,460,315,213,6,103,187,143,113,67
2021,3,D,발달상권,1001053,서울 강남구 대치역_1,102,38,64,2,20,21,19,18,22,1,7,5,5,7,13,1,13,16,14,11,9
2021,3,D,발달상권,1001070,은마아파트입구사거리_4,570,252,318,1,106,152,143,111,57,0,38,74,83,37,20,1,68,78,60,74,37
2021,3,D,발달상권,1001237,서울 종로구 경복궁역_2,239,107,132,0,35,62,52,43,47,0,13,14,23,28,29,0,22,48,29,15,18
2021,3,D,발달상권,1001263,서울 노원구 노원역_3,418,159,259,3,102,53,90,90,80,0,24,23,33,38,41,3,78,30,57,52,39
2021,3,A,골목상권,1000429,진흥로12길,392,144,248,6,50,101,107,85,43,5,27,26,32,29,25,1,23,75,75,56,18
2021,3,R,전통시장,1001320,전농로터리시장,7,3,4,0,1,0,2,3,1,0,0,0,1,1,1,0,1,0,1,2,0
2021,3,A,골목상권,1000209,천호대로12길,55,35,20,0,4,9,12,18,12,0,3,3,10,10,9,0,1,6,2,8,3
2021,3,R,전통시장,1001360,창동골목시장,84,47,37,0,19,30,14,8,13,0,7,20,9,5,6,0,12,10,5,3,7
2021,3,R,전통시장,1001321,답십리현대시장,36,31,5,0,4,4,7,13,8,0,3,4,6,11,7,0,1,0,1,2,1
2021,3,A,골목상권,1000180,망우로18길,52,17,35,1,4,9,20,14,4,0,2,3,3,7,2,1,2,6,17,7,2
2021,3,A,골목상권,1000220,휘경로2길,138,88,50,0,23,26,40,31,18,0,7,14,28,25,14,0,16,12,12,6,4
2021,3,A,골목상권,1000367,도봉산4길,27,24,3,0,3,8,9,2,5,0,3,8,8,2,3,0,0,0,1,0,2
2021,3,D,발달상권,1001258,등나무근린공원 주변,65,19,46,0,5,7,27,20,6,0,2,0,6,8,3,0,3,7,21,12,3
2021,3,D,발달상권,1001086,고속터미널역,2010,1612,398,18,204,298,637,631,222,5,102,206,555,565,179,13,102,92,82,66,43
2021,3,R,전통시장,1001316,서울약령시장,1171,642,529,4,112,206,302,338,209,0,55,127,163,178,119,4,57,79,139,160,90
2021,3,A,골목상권,1000947,백제고분로33길,921,574,347,1,86,171,209,231,223,1,43,96,133,148,153,0,43,75,76,83,70
2021,3,A,골목상권,1000343,인수봉로56길,44,25,19,0,5,7,13,11,8,0,2,4,9,9,1,0,3,3,4,2,7
2021,3,D,발달상권,1001098,포스코사거리_1,22702,15610,7092,46,3298,9107,6757,2364,1130,8,1415,5813,5586,2043,745,38,1883,3294,1171,321,385
2021,3,A,골목상권,1000667,문성로5길,379,199,180,2,12,116,135,91,23,2,5,45,71,56,20,0,7,71,64,35,3
2021,3,D,발달상권,1001123,학동사거리_1,4075,2555,1520,4,726,1146,874,714,611,3,268,567,615,579,523,1,458,579,259,135,88
2021,3,A,골목상권,1000421,응암로34길,231,118,113,1,22,39,75,63,31,1,9,22,43,24,19,0,13,17,32,39,12
2021,3,R,전통시장,1001376,수일시장,7,2,5,0,0,2,1,2,2,0,0,0,0,1,1,0,0,2,1,1,1
2021,3,A,골목상권,1000389,가좌로7길,329,203,126,0,27,59,107,92,44,0,14,33,69,49,38,0,13,26,38,43,6
2021,3,A,골목상권,1000401,연서로16길,121,66,55,0,15,20,30,37,19,0,4,5,19,22,16,0,11,15,11,15,3
2021,3,A,골목상권,1000644,디지털로32길,815,435,380,0,136,331,158,118,72,0,43,184,83,71,54,0,93,147,75,47,18
2021,3,A,골목상권,1000393,갈현로7길,398,205,193,0,63,112,108,91,24,0,28,67,51,40,19,0,35,45,57,51,5
2021,3,A,골목상권,1000618,경인로31길,130,61,69,0,15,23,34,32,26,0,10,10,11,16,14,0,5,13,23,16,12
2021,3,A,골목상권,1000422,증산로13길,79,42,37,0,7,21,24,16,11,0,3,9,12,7,11,0,4,12,12,9,0
2021,3,R,전통시장,1001375,증산종합시장,8,5,3,0,0,1,2,2,3,0,0,0,1,2,2,0,0,1,1,0,1
2021,3,A,골목상권,1000578,공항대로59다길,1037,645,392,2,112,262,205,258,198,2,37,126,133,182,165,0,75,136,72,76,33
2021,3,A,골목상권,1000434,통일로92길,186,72,114,0,15,38,49,59,25,0,6,22,23,14,7,0,9,16,26,45,18
2021,3,A,골목상권,1000550,화곡로3길,351,177,174,0,35,112,90,83,31,0,10,38,50,51,28,0,25,74,40,32,3
2021,3,A,골목상권,1000540,은행정로5길,109,57,52,0,12,27,18,26,26,0,6,12,9,14,16,0,6,15,9,12,10
2021,3,R,전통시장,1001396,목4동시장,52,35,17,0,2,8,13,17,12,0,0,6,8,11,10,0,2,2,5,6,2
2021,3,A,골목상권,1000019,종로65길,275,157,118,2,17,42,75,91,48,0,5,19,38,66,29,2,12,23,37,25,19
2021,3,A,골목상권,1000547,중앙로51길,283,178,105,0,19,25,70,87,82,0,6,14,40,47,71,0,13,11,30,40,11
2021,3,R,전통시장,1001403,신월7동골목시장,24,16,8,0,0,2,7,6,9,0,0,0,5,4,7,0,0,2,2,2,2
2021,3,A,골목상권,1000518,목동남로4길,797,494,303,5,67,166,181,180,198,4,40,92,97,113,148,1,27,74,84,67,50
2021,3,A,골목상권,1000596,양천로71길,1203,752,451,6,177,261,301,283,175,5,89,195,170,155,138,1,88,66,131,128,37
2021,3,A,골목상권,1000582,까치산로4길,189,112,77,7,16,48,46,43,29,6,8,28,25,24,21,1,8,20,21,19,8
2021,3,A,골목상권,1000615,개봉로2길,186,99,87,1,21,25,56,43,40,1,9,11,26,25,27,0,12,14,30,18,13
2021,3,A,골목상권,1000617,경인로15길,259,93,166,0,26,41,66,83,43,0,10,20,24,24,15,0,16,21,42,59,28
2021,3,A,골목상권,1000579,공항대로61길,547,415,132,8,107,180,129,86,37,5,57,146,112,65,30,3,50,34,17,21,7
2021,3,A,골목상권,1000608,화곡로64길,1128,686,442,1,113,166,194,248,406,0,57,104,136,150,239,1,56,62,58,98,167
2021,3,A,골목상권,1000576,공항대로55길,900,577,323,7,232,255,212,131,63,2,105,172,157,91,50,5,127,83,55,40,13
2021,3,A,골목상권,1000585,등촌로39길,313,146,167,2,60,75,59,79,38,1,20,29,26,39,31,1,40,46,33,40,7
2021,3,A,골목상권,1000552,가로공원로76가길,168,91,77,2,19,35,53,39,20,1,10,20,27,20,13,1,9,15,26,19,7
2021,3,A,골목상권,1000605,화곡로31길,618,375,243,1,157,138,102,113,107,0,64,79,67,76,89,1,93,59,35,37,18
2021,3,A,골목상권,1000654,가산로3길,999,756,243,6,107,211,252,240,183,6,87,176,196,175,116,0,20,35,56,65,67
2021,3,A,골목상권,1000896,논현로115길,2866,1752,1114,16,807,1087,593,259,104,5,350,692,443,182,80,11,457,395,150,77,24
2021,3,A,골목상권,1000613,개봉로20길,3082,1346,1736,2,275,551,822,977,455,0,164,291,353,326,212,2,111,260,469,651,243
2021,3,A,골목상권,1000631,구로동로7길,115,71,44,0,20,12,24,36,23,0,13,3,12,22,21,0,7,9,12,14,2
2021,3,A,골목상권,1000777,장승배기로27길,260,135,125,0,14,60,66,79,41,0,12,31,32,40,20,0,2,29,34,39,21
2021,3,A,골목상권,1000670,벚꽃로56길,301,260,41,0,8,11,43,135,104,0,7,5,32,118,98,0,1,6,11,17,6
2021,3,A,골목상권,1000666,독산로85길,68,34,34,0,7,5,22,22,12,0,3,2,9,12,8,0,4,3,13,10,4
2021,3,A,골목상권,1000753,사당로29길,128,78,50,0,27,34,27,19,21,0,7,21,17,14,19,0,20,13,10,5,2
2021,3,A,골목상권,1000878,주흥길,164,111,53,0,17,24,59,35,29,0,10,17,35,27,22,0,7,7,24,8,7
2021,3,D,발달상권,1001117,강남구 신사역_2,6953,3586,3367,33,2190,1609,1101,1118,902,11,811,807,685,587,685,22,1379,802,416,531,217
2021,3,R,전통시장,1001428,박미시장,39,26,13,0,1,6,11,9,12,0,0,2,7,8,9,0,1,4,4,1,3
2021,3,A,골목상권,1000661,독산로40길,219,75,144,4,21,35,58,83,18,4,10,15,20,17,9,0,11,20,38,66,9
2021,3,A,골목상권,1000363,도봉로152가길,342,311,31,1,7,19,39,120,156,0,4,13,31,115,148,1,3,6,8,5,8
2021,3,R,전통시장,1001445,영도시장,73,6,67,0,12,18,21,19,3,0,3,0,0,2,1,0,9,18,21,17,2
2021,3,D,발달상권,1001072,신대방삼거리역,259,129,130,0,27,40,80,70,42,0,12,17,39,35,26,0,15,23,41,35,16
2021,3,A,골목상권,1000739,동작대로17길,806,386,420,0,153,270,229,95,59,0,63,117,100,61,45,0,90,153,129,34,14
2021,3,A,골목상권,1000749,사당로20길,103,53,50,0,11,24,31,21,16,0,3,16,13,12,9,0,8,8,18,9,7
2021,3,A,골목상권,1000756,사당로8길,131,70,61,0,16,19,41,37,18,0,2,9,24,22,13,0,14,10,17,15,5
2021,3,A,골목상권,1000738,대방동2길,281,134,147,0,29,70,56,90,36,0,10,41,31,36,16,0,19,29,25,54,20
2021,3,A,골목상권,1000772,여의대방로22카길,346,202,144,1,17,30,65,93,140,1,14,20,34,39,94,0,3,10,31,54,46
2021,3,A,골목상권,1000871,서초대로25길,2073,1591,482,5,353,572,466,415,262,5,239,408,373,342,224,0,114,164,93,73,38
2021,3,A,골목상권,1000765,서달로8가길,83,34,49,0,13,15,16,21,18,0,5,6,7,9,7,0,8,9,9,12,11
2021,3,D,발달상권,1001045,동작구 총신대입구역_1,327,125,202,2,49,51,76,79,70,0,18,15,30,23,39,2,31,36,46,56,31
2021,3,A,골목상권,1000638,구로중앙로8길,107,41,66,0,18,18,28,24,19,0,5,6,9,10,11,0,13,12,19,14,8
2021,3,A,골목상권,1000627,구로동로28길,42,18,24,0,5,2,11,19,5,0,1,0,7,8,2,0,4,2,4,11,3
2021,3,A,골목상권,1000628,구로동로38길,625,240,385,4,50,83,107,232,149,2,21,50,56,55,56,2,29,33,51,177,93
2021,3,A,골목상권,1000648,새말로18길,933,549,384,18,273,304,190,103,45,16,135,170,121,80,27,2,138,134,69,23,18
2021,3,A,골목상권,1000653,중앙로1길,960,704,256,0,80,128,157,163,432,0,49,69,89,104,393,0,31,59,68,59,39
2021,3,A,골목상권,1000635,구로중앙로34길,189,149,40,2,59,41,49,25,13,0,49,29,37,22,12,2,10,12,12,3,1
2021,3,D,발달상권,1001049,개봉동 현대아파트 인근,271,126,145,0,35,62,70,60,44,0,12,22,36,35,21,0,23,40,34,25,23
2021,3,A,골목상권,1000609,개봉로11길,181,97,84,0,33,31,36,51,30,0,8,18,17,32,22,0,25,13,19,19,8
2021,3,D,발달상권,1001026,구로디지털단지역,91,67,24,0,4,16,34,21,16,0,2,13,29,11,12,0,2,3,5,10,4
2021,3,A,골목상권,1000736,노량진로6길,307,204,103,1,32,58,78,86,52,1,18,40,44,60,41,0,14,18,34,26,11
2021,3,A,골목상권,1000172,답십리로56길,78,39,39,0,6,9,25,29,9,0,2,4,13,14,6,0,4,5,12,15,3
2021,3,A,골목상권,1000614,개봉로23가길,826,590,236,4,52,114,184,238,234,3,28,67,112,171,209,1,24,47,72,67,25
2021,3,D,발달상권,1001044,양재역_3,9025,5664,3361,25,1429,2300,2050,1750,1471,5,710,1447,1476,1051,975,20,719,853,574,699,496
2021,3,D,발달상권,1001063,교대역_4,6267,3940,2327,42,1100,1637,1618,1162,708,17,510,1007,1128,745,533,25,590,630,490,417,175
2021,3,A,골목상권,1000677,시흥대로36길,288,173,115,0,24,78,75,87,24,0,12,42,38,61,20,0,12,36,37,26,4
2021,3,A,골목상권,1000744,등용로14길,409,134,275,1,33,43,103,171,58,0,9,21,39,28,37,1,24,22,64,143,21
2021,3,A,골목상권,1000759,상도로47길,601,288,313,0,68,157,154,147,75,0,23,89,75,62,39,0,45,68,79,85,36
2021,3,R,전통시장,1001442,신노량진시장,11,3,8,0,0,3,3,5,0,0,0,0,1,2,0,0,0,3,2,3,0
2021,3,A,골목상권,1000866,사평대로22길,1697,1052,645,8,312,482,394,276,225,3,135,310,268,183,153,5,177,172,126,93,72
2021,3,A,골목상권,1000752,사당로26길,321,199,122,2,20,44,96,120,39,1,3,30,61,70,34,1,17,14,35,50,5
2021,3,A,골목상권,1000751,사당로23나길,36,21,15,0,3,7,11,12,3,0,3,4,6,5,3,0,0,3,5,7,0
2021,3,D,발달상권,1001113,서울 동작구 노량진1동_1,40,25,15,0,1,6,10,8,15,0,0,4,7,3,11,0,1,2,3,5,4
2021,3,A,골목상권,1000745,만양로14길,47,29,18,0,6,11,10,10,10,0,1,8,7,7,6,0,5,3,3,3,4
2021,3,A,골목상권,1000740,동작대로29길,224,49,175,5,24,36,38,73,48,2,8,15,10,7,7,3,16,21,28,66,41
2021,3,A,골목상권,1000885,서초중앙로8길,21671,11288,10383,22,4691,4980,3921,7112,945,5,1405,2288,1748,5131,711,17,3286,2692,2173,1981,234
2021,3,A,골목상권,1000877,주흥15길,834,539,295,1,122,201,180,150,180,1,63,121,122,98,134,0,59,80,58,52,46
2021,3,A,골목상권,1000864,방배로42길,861,707,154,5,77,112,329,277,61,4,41,69,302,246,45,1,36,43,27,31,16
2021,3,A,골목상권,1000898,논현로139길,3565,2123,1442,16,934,1220,865,367,163,0,408,737,592,270,116,16,526,483,273,97,47
2021,3,A,골목상권,1000888,강남대로140길,1433,810,623,0,220,350,332,298,233,0,73,178,196,184,179,0,147,172,136,114,54
2021,3,A,골목상권,1000914,봉은사로43길,2978,1692,1286,9,471,852,885,497,264,5,203,497,481,299,207,4,268,355,404,198,57
2021,3,A,골목상권,1000951,백제고분로45길,1349,869,480,4,198,345,419,246,137,1,104,226,275,166,97,3,94,119,144,80,40
2021,3,A,골목상권,1000492,양화로1길,544,248,296,0,67,88,131,157,101,0,32,40,68,75,33,0,35,48,63,82,68
2021,3,A,골목상권,1000692,대림로22길,190,98,92,0,18,21,43,55,53,0,8,9,23,26,32,0,10,12,20,29,21
2021,3,A,골목상권,1000799,남부순환로234길,126,81,45,0,14,33,33,26,20,0,8,23,21,13,16,0,6,10,12,13,4
2021,3,A,골목상권,1000795,남부순환로142길,418,252,166,1,29,55,141,130,62,1,21,36,88,62,44,0,8,19,53,68,18
2021,3,D,발달상권,1001220,서울 종로구 동대문역_2,748,244,504,1,57,140,273,161,116,0,19,39,54,54,78,1,38,101,219,107,38
2021,3,A,골목상권,1000358,도당로29길,518,292,226,3,112,135,145,95,28,3,61,94,68,45,21,0,51,41,77,50,7
2021,3,A,골목상권,1000195,장한로14길,179,98,81,0,26,51,43,33,26,0,11,24,24,18,21,0,15,27,19,15,5
2021,3,A,골목상권,1000022,창신2길,56,26,30,0,0,12,19,13,12,0,0,5,7,6,8,0,0,7,12,7,4
2021,3,A,골목상권,1000352,노해로60길,136,85,51,0,16,13,35,42,30,0,9,7,18,24,27,0,7,6,17,18,3
2021,3,D,발달상권,1001107,방이동 먹자골목,6881,4444,2437,11,1013,2105,1837,1207,708,5,559,1292,1295,854,439,6,454,813,542,353,269
2021,3,A,골목상권,1000373,삼양로144길,50,24,26,0,0,4,18,16,12,0,0,2,9,7,6,0,0,2,9,9,6
2021,3,D,발달상권,1001159,서울 강동구 천호역,259,93,166,1,34,63,54,67,40,0,5,14,28,25,21,1,29,49,26,42,19
2021,3,A,골목상권,1000375,우이천로32길,206,83,123,0,34,28,64,48,32,0,10,7,27,17,22,0,24,21,37,31,10
2021,3,A,골목상권,1000944,백제고분로22길,1371,955,416,0,185,408,385,246,147,0,102,292,280,167,114,0,83,116,105,79,33
2021,3,A,골목상권,1000960,양재대로64길,1212,705,507,4,120,281,322,334,151,1,60,186,205,162,91,3,60,95,117,172,60
2021,3,D,발달상권,1001036,문정역,88,52,36,0,14,14,28,22,10,0,5,9,18,13,7,0,9,5,10,9,3
2021,3,D,발달상권,1001163,서울 강동구 천호역_2,1208,565,643,5,142,222,290,254,295,2,49,96,115,106,197,3,93,126,175,148,98
2021,3,D,발달상권,1001137,서울 강동구 둔촌동역,250,102,148,0,25,44,39,43,99,0,2,13,14,17,56,0,23,31,25,26,43
2021,3,A,골목상권,1000080,한강대로52길,8713,2847,5866,57,2665,3036,2078,653,224,26,938,1015,544,215,109,31,1727,2021,1534,438,115
2021,3,A,골목상권,1000065,원효로19길,609,435,174,5,69,152,173,124,86,1,33,108,124,99,70,4,36,44,49,25,16
2021,3,A,골목상권,1000074,청파로47나길,259,176,83,0,32,55,68,56,48,0,15,38,54,36,33,0,17,17,14,20,15
2021,3,A,골목상권,1000053,녹사평대로40나길,46,21,25,2,6,12,12,11,3,2,5,5,3,5,1,0,1,7,9,6,2
2021,3,A,골목상권,1000062,우사단로10길,570,508,62,1,64,165,163,156,21,0,41,143,156,151,17,1,23,22,7,5,4
2021,3,A,골목상권,1000148,뚝섬로58길,278,141,137,0,39,45,67,72,55,0,14,27,32,29,39,0,25,18,35,43,16
2021,3,R,전통시장,1001340,정릉시장,131,72,59,0,4,16,38,46,27,0,2,9,23,22,16,0,2,7,15,24,11
2021,3,A,골목상권,1000322,도봉로45길,112,54,58,0,7,17,25,34,29,0,4,7,9,16,18,0,3,10,16,18,11
2021,3,A,골목상권,1000457,홍제내길,565,201,364,1,59,87,134,169,115,1,19,39,59,43,40,0,40,48,75,126,75
2021,3,A,골목상권,1000449,증가로23나길,902,441,461,2,115,239,201,155,190,2,28,110,125,68,108,0,87,129,76,87,82
2021,3,A,골목상권,1000477,매봉산로2길,806,601,205,1,89,201,277,186,52,0,49,149,223,142,38,1,40,52,54,44,14
2021,3,R,전통시장,1001430,영등포전통시장,2127,1061,1066,15,396,643,568,341,164,0,131,268,317,230,115,15,265,375,251,111,49
2021,3,A,골목상권,1000830,조원로18길,179,92,87,3,24,33,52,48,19,1,6,19,27,26,13,2,18,14,25,22,6
2021,3,A,골목상권,1000788,낙성대역길,431,230,201,1,84,110,110,97,29,1,40,56,59,54,20,0,44,54,51,43,9
2021,3,A,골목상권,1000814,승방길,251,141,110,0,39,60,56,48,48,0,15,38,25,31,32,0,24,22,31,17,16
2021,3,A,골목상권,1000070,이태원로27길,567,430,137,1,86,123,136,165,56,1,40,79,114,149,47,0,46,44,22,16,9
2021,3,A,골목상권,1000710,선유로55길,416,273,143,3,71,86,114,91,51,3,41,53,76,63,37,0,30,33,38,28,14
2021,3,A,골목상권,1000100,무학봉28길,143,69,74,0,20,39,33,37,14,0,5,17,17,21,9,0,15,22,16,16,5
2021,3,A,골목상권,1000124,청계천로10나길,4951,3728,1223,29,338,805,1117,1783,879,26,215,591,896,1330,670,3,123,214,221,453,209
2021,3,A,골목상권,1000094,마장로39길,443,258,185,1,49,83,113,115,82,1,32,54,63,61,47,0,17,29,50,54,35
2021,3,A,골목상권,1000685,경인로80길,1007,706,301,2,86,149,234,215,321,1,42,89,158,154,262,1,44,60,76,61,59
2021,3,A,골목상권,1000355,도당로13가길,36,21,15,0,5,5,9,13,4,0,3,3,5,7,3,0,2,2,4,6,1
2021,3,D,발달상권,1001197,장한평역_2,1492,995,497,4,250,365,402,273,198,3,162,246,264,169,151,1,88,119,138,104,47
2021,3,A,골목상권,1000206,제기로21길,101,62,39,0,11,28,43,13,6,0,6,19,27,7,3,0,5,9,16,6,3
2021,3,A,골목상권,1000024,창신길,146,29,117,0,8,14,28,56,40,0,0,3,15,9,2,0,8,11,13,47,38
2021,3,D,발달상권,1001238,서울 동대문구 청량리역,776,413,363,3,124,115,138,181,215,2,54,61,67,97,132,1,70,54,71,84,83
2021,3,A,골목상권,1000941,동남로20길,2463,1773,690,12,396,645,578,528,304,10,278,477,407,368,233,2,118,168,171,160,71
2021,3,A,골목상권,1000970,고덕로61길,137,93,44,0,6,23,29,31,48,0,4,14,18,15,42,0,2,9,11,16,6
2021,3,A,골목상권,1000548,중앙로55길,592,261,331,1,41,96,161,178,115,1,23,57,79,64,37,0,18,39,82,114,78
2021,3,A,골목상권,1000940,거마로20길,503,229,274,1,93,136,147,101,25,0,31,65,68,49,16,1,62,71,79,52,9
2021,3,A,골목상권,1000978,상암로14길,432,261,171,0,49,109,126,86,62,0,24,63,72,52,50,0,25,46,54,34,12
2021,3,D,발달상권,1001097,잠실역 롯데월드,2247,1185,1062,70,1110,371,339,299,58,22,487,205,204,224,43,48,623,166,135,75,15
2021,3,A,골목상권,1000984,성안로3길,5508,4242,1266,4,648,735,788,1268,2065,3,484,560,605,951,1639,1,164,175,183,317,426
2021,3,A,골목상권,1001003,천호대로162길,286,149,137,1,36,60,71,60,58,0,20,22,28,38,41,1,16,38,43,22,17
2021,3,A,골목상권,1000968,고덕로10길,738,335,403,0,46,53,39,69,531,0,11,35,16,24,249,0,35,18,23,45,282
2021,3,A,골목상권,1000985,암사길,112,70,42,0,9,18,33,28,24,0,4,14,18,17,17,0,5,4,15,11,7
2021,3,D,발달상권,1001156,서울 강동구 길동역,2628,1190,1438,10,273,433,643,763,506,6,140,259,321,226,238,4,133,174,322,537,268
2021,3,A,골목상권,1000114,아차산로15길,3361,2374,987,11,591,881,893,595,390,0,335,634,661,420,324,11,256,247,232,175,66
2021,3,A,골목상권,1000033,다산로39길,39,19,20,0,2,3,6,16,12,0,0,1,0,10,8,0,2,2,6,6,4
2021,3,A,골목상권,1000032,다산로38길,674,311,363,2,139,174,176,116,67,1,35,63,92,74,46,1,104,111,84,42,21
2021,3,A,골목상권,1000028,난계로11길,255,170,85,0,44,57,59,57,38,0,21,34,46,38,31,0,23,23,13,19,7
2021,3,R,전통시장,1001302,면곡골목시장,49,35,14,0,8,8,7,18,8,0,6,8,5,10,6,0,2,0,2,8,2
2021,3,A,골목상권,1000253,사가정로42길,183,89,94,0,12,59,63,38,11,0,7,22,28,24,8,0,5,37,35,14,3
2021,3,A,골목상권,1000205,전농로4길,274,210,64,0,11,58,88,67,50,0,8,49,67,46,40,0,3,9,21,21,10
2021,3,A,골목상권,1000223,겸재로36길,134,60,74,0,22,24,29,35,24,0,1,12,14,20,13,0,21,12,15,15,11
2021,3,A,골목상권,1000304,종암로5길,404,201,203,0,32,119,152,82,19,0,13,47,77,56,8,0,19,72,75,26,11
2021,3,D,발달상권,1001155,용산 전자상가_5,1976,1461,515,8,368,701,562,250,87,7,247,537,422,179,69,1,121,164,140,71,18
2021,3,D,발달상권,1001147,용산 전자상가_2,392,317,75,12,75,123,122,45,15,10,67,99,93,36,12,2,8,24,29,9,3
2021,3,A,골목상권,1000082,한강대로7길,722,462,260,7,153,146,135,114,167,4,88,97,96,68,109,3,65,49,39,46,58
2021,3,A,골목상권,1000102,사근동길,78,48,30,2,10,24,19,15,8,2,6,13,12,9,6,0,4,11,7,6,2
2021,3,A,골목상권,1000175,답십리로64길,103,73,30,0,8,13,33,31,18,0,3,7,24,22,17,0,5,6,9,9,1
2021,3,A,골목상권,1000162,자양로50길,218,121,97,0,34,47,57,43,37,0,10,20,34,28,29,0,24,27,23,15,8
2021,3,A,골목상권,1000110,성수일로6길,1342,928,414,8,190,288,317,277,262,4,98,171,236,198,221,4,92,117,81,79,41
2021,3,A,골목상권,1000219,휘경로23길,89,56,33,0,15,16,34,16,8,0,5,13,21,9,8,0,10,3,13,7,0
2021,3,D,발달상권,1001194,서울 강서구 발산역,983,431,552,1,121,225,298,244,94,0,34,91,134,105,67,1,87,134,164,139,27
2021,3,R,전통시장,1001265,광장시장,444,301,143,0,39,73,92,123,117,0,22,41,68,77,93,0,17,32,24,46,24
2021,3,A,골목상권,1000833,청룡8길,222,53,169,0,28,63,63,50,18,0,5,18,8,12,10,0,23,45,55,38,8
2021,3,D,발달상권,1001215,서울 종로구 광화문역_1,12759,8498,4261,19,2101,4333,4038,1864,404,3,968,2698,2991,1519,319,16,1133,1635,1047,345,85
2021,3,A,골목상권,1000047,퇴계로56길,569,424,145,0,60,157,199,97,56,0,30,112,160,77,45,0,30,45,39,20,11
2021,3,D,발달상권,1001192,서울 중구 충무로역_1,3743,2160,1583,3,569,927,1190,778,276,2,251,542,639,531,195,1,318,385,551,247,81
2021,3,D,발달상권,1001205,동대문역사문화공원역,3166,2548,618,0,385,890,987,596,308,0,324,761,830,438,195,0,61,129,157,158,113
2021,3,A,골목상권,1000042,청구로17길,485,306,179,0,57,91,127,130,80,0,33,62,72,88,51,0,24,29,55,42,29
2021,3,A,골목상권,1000043,청구로1길,108,72,36,0,2,14,29,43,20,0,1,4,18,35,14,0,1,10,11,8,6
2021,3,A,골목상권,1000060,소월로20길,151,76,75,0,28,48,37,30,8,0,8,24,17,20,7,0,20,24,20,10,1
2021,3,A,골목상권,1000248,면목로78길,93,44,49,0,9,22,28,17,17,0,4,8,9,10,13,0,5,14,19,7,4
2021,3,A,골목상권,1000222,겸재로29길,126,74,52,0,24,21,24,29,28,0,14,8,12,20,20,0,10,13,12,9,8
2021,3,R,전통시장,1001287,신흥시장,4,1,3,0,0,2,0,2,0,0,0,1,0,0,0,0,0,1,0,2,0
2021,3,D,발달상권,1001168,남영역,4055,2796,1259,20,750,1490,1024,556,215,8,370,894,831,509,184,12,380,596,193,47,31
2021,3,A,골목상권,1000103,상원12길,398,238,160,0,100,141,95,33,29,0,44,89,63,16,26,0,56,52,32,17,3
2021,3,R,전통시장,1001298,성동용답상가시장,66,33,33,0,5,10,20,21,10,0,1,6,6,13,7,0,4,4,14,8,3
2021,3,A,골목상권,1000099,무학로6길,1897,382,1515,4,381,232,304,595,381,0,109,92,84,68,29,4,272,140,220,527,352
2021,3,D,발달상권,1001195,왕십리역_2,233,102,131,1,51,50,45,45,41,0,16,21,21,19,25,1,35,29,24,26,16
2021,3,A,골목상권,1000125,한림말3길,3329,1128,2201,0,961,1041,714,416,197,0,199,326,315,195,93,0,762,715,399,221,104
2021,3,A,골목상권,1000153,아차산로55길,243,150,93,0,31,67,67,38,40,0,13,35,45,28,29,0,18,32,22,10,11
2021,3,R,전통시장,1001304,자양골목시장,54,36,18,0,7,17,14,9,7,0,5,12,9,6,4,0,2,5,5,3,3
2021,3,A,골목상권,1000252,봉화산로56길,649,289,360,0,70,101,115,213,150,0,21,50,53,81,84,0,49,51,62,132,66
2021,3,A,골목상권,1000255,신내로7가길,276,115,161,1,52,59,80,71,13,0,25,21,26,32,11,1,27,38,54,39,2
2021,3,A,골목상권,1000268,동소문로13길,572,285,287,2,91,115,136,116,112,1,42,60,76,57,49,1,49,55,60,59,63
2021,3,A,골목상권,1000317,노해로33길,84,30,54,0,8,16,26,27,7,0,1,5,5,12,7,0,7,11,21,15,0
2021,3,A,골목상권,1000332,삼양로54길,295,66,229,0,13,17,34,43,188,0,3,9,15,11,28,0,10,8,19,32,160
2021,3,A,골목상권,1000225,공릉로12가길,75,50,25,0,6,17,16,19,17,0,5,9,7,15,14,0,1,8,9,4,3
2021,3,A,골목상권,1000266,돌곶이로41길,40,13,27,0,1,11,10,16,2,0,1,2,3,6,1,0,0,9,7,10,1
2021,3,A,골목상권,1000302,종암로21길,550,344,206,2,84,128,136,156,44,0,45,73,83,108,35,2,39,55,53,48,9
2021,3,A,골목상권,1000303,종암로24가길,81,18,63,0,22,18,20,15,6,0,2,2,5,5,4,0,20,16,15,10,2
2021,3,R,전통시장,1001339,정릉아리랑시장,22,7,15,0,1,7,8,5,1,0,0,2,1,3,1,0,1,5,7,2,0
2021,3,R,전통시장,1001342,밤나무골시장,17,5,12,0,2,4,6,4,1,0,1,1,2,1,0,0,1,3,4,3,1
2021,3,A,골목상권,1000310,화랑로14길,99,73,26,0,7,18,25,31,18,0,6,10,15,26,16,0,1,8,10,5,2
2021,3,A,골목상권,1000271,동소문로2길,53,21,32,1,10,6,11,16,9,1,2,3,4,5,6,0,8,3,7,11,3
2021,3,A,골목상권,1000314,화랑로40길,71,46,25,1,10,16,19,14,11,0,7,7,10,11,11,1,3,9,9,3,0
2021,3,A,골목상권,1000308,한천로76길,132,100,32,0,7,7,31,47,40,0,4,5,15,39,37,0,3,2,16,8,3
2021,3,A,골목상권,1000262,돌곶이로14길,77,58,19,0,5,13,11,20,28,0,4,6,8,15,25,0,1,7,3,5,3
2021,3,R,전통시장,1001355,강북종합시장,23,9,14,0,1,1,7,10,4,0,1,0,2,4,2,0,0,1,5,6,2
2021,3,A,골목상권,1000456,홍연길,79,47,32,0,7,9,26,23,14,0,4,3,17,13,10,0,3,6,9,10,4
2021,3,A,골목상권,1000451,충정로4길,2044,1298,746,0,245,537,563,416,283,0,157,343,362,263,173,0,88,194,201,153,110
2021,3,A,골목상권,1000475,망원로11길,144,73,71,0,9,24,43,40,28,0,3,9,21,22,18,0,6,15,22,18,10
2021,3,A,골목상권,1000501,월드컵로25길,309,125,184,0,36,54,91,81,47,0,14,21,38,32,20,0,22,33,53,49,27
2021,3,A,골목상권,1000460,대흥로28길,50,17,33,0,6,11,9,17,7,0,0,4,3,6,4,0,6,7,6,11,3
2021,3,A,골목상권,1001002,천중로51길,761,536,225,1,51,141,166,200,202,1,31,102,111,148,143,0,20,39,55,52,59
2021,3,A,골목상권,1000068,원효로89길,1387,969,418,4,273,447,297,244,122,2,173,325,213,178,78,2,100,122,84,66,44
2021,3,R,전통시장,1001274,신중부시장,3089,921,2168,8,1868,593,250,198,172,3,316,189,171,120,122,5,1552,404,79,78,50
2021,3,A,골목상권,1000734,국사봉2길,55,34,21,0,2,13,12,17,11,0,2,6,7,11,8,0,0,7,5,6,3
2021,3,A,골목상권,1000802,남현3길,372,256,116,0,32,59,134,74,73,0,12,39,95,57,53,0,20,20,39,17,20
2021,3,A,골목상권,1000427,증산로9길,606,525,81,0,38,106,204,214,44,0,24,91,183,194,33,0,14,15,21,20,11
2021,3,A,골목상권,1000507,가로공원로58길,91,54,37,0,15,20,19,27,10,0,14,12,11,14,3,0,1,8,8,13,7
2021,3,A,골목상권,1000408,연서로34길,1310,709,601,0,8,27,40,168,1067,0,5,7,16,76,605,0,3,20,24,92,462
2021,3,A,골목상권,1000398,역말로9길,159,82,77,0,17,26,50,40,26,0,14,13,21,15,19,0,3,13,29,25,7
2021,3,A,골목상권,1000396,서오릉로8길,160,104,56,0,8,30,67,36,19,0,5,23,44,17,15,0,3,7,23,19,4
2021,3,D,발달상권,1001135,신사동 가로수길,14671,7582,7089,64,3450,4410,3497,2063,1187,17,1101,2351,2086,1181,846,47,2349,2059,1411,882,341
2021,3,A,골목상권,1000424,증산로17길,161,110,51,0,8,24,52,51,26,0,5,11,30,42,22,0,3,13,22,9,4
2021,3,A,골목상권,1000521,목동로19길,351,190,161,2,32,95,121,66,35,1,11,46,68,43,21,1,21,49,53,23,14
2021,3,D,발달상권,1001059,교대역_3,1005,649,356,1,104,245,240,215,200,0,28,124,161,160,176,1,76,121,79,55,24
2021,3,A,골목상권,1000407,연서로33길,109,49,60,0,4,26,25,34,20,0,3,18,11,12,5,0,1,8,14,22,15
2021,3,A,골목상권,1000411,연서로5길,647,303,344,1,50,86,173,229,108,0,19,47,86,93,58,1,31,39,87,136,50
2021,3,A,골목상권,1000528,목동중앙북로8길,171,102,69,0,14,39,41,37,40,0,6,19,23,23,31,0,8,20,18,14,9
2021,3,R,전통시장,1001368,연서시장,206,144,62,0,17,47,43,56,43,0,4,23,30,47,40,0,13,24,13,9,3
2021,3,A,골목상권,1000533,신목로6길,582,383,199,25,130,153,110,102,62,13,71,105,77,68,49,12,59,48,33,34,13
2021,3,A,골목상권,1000546,중앙로47길,94,40,54,2,13,19,24,22,14,0,1,6,17,11,5,2,12,13,7,11,9
2021,3,R,전통시장,1001400,신월3동골목시장,12,7,5,0,1,2,4,5,0,0,0,1,3,3,0,0,1,1,1,2,0
2021,3,A,골목상권,1000515,남부순환로70길,165,101,64,0,15,21,55,52,22,0,10,7,31,35,18,0,5,14,24,17,4
2021,3,A,골목상권,1000520,목동동로8길,184,106,78,0,25,40,53,46,20,0,13,23,28,29,13,0,12,17,25,17,7
2021,3,A,골목상권,1000590,방화대로6라길,653,413,240,1,97,165,199,139,52,0,47,101,136,93,36,1,50,64,63,46,16
2021,3,A,골목상권,1000598,우장산로6길,486,298,188,0,159,95,87,89,56,0,81,52,53,68,44,0,78,43,34,21,12
2021,3,A,골목상권,1000559,강서로45길,101,43,58,0,7,21,36,15,22,0,2,7,14,5,15,0,5,14,22,10,7
2021,3,A,골목상권,1000563,강서로5가길,182,98,84,0,14,25,43,58,42,0,7,11,22,31,27,0,7,14,21,27,15
2021,3,A,골목상권,1000632,구로동로8길,298,153,145,4,23,37,62,74,98,2,6,13,23,40,69,2,17,24,39,34,29
2021,3,A,골목상권,1000624,고척로52길,40,27,13,0,2,1,10,11,16,0,2,1,7,6,11,0,0,0,3,5,5
2021,3,A,골목상권,1000623,고척로27다길,169,99,70,0,10,21,43,60,35,0,9,8,21,34,27,0,1,13,22,26,8
2021,3,D,발달상권,1001064,대림역_1,340,205,135,0,54,89,92,69,36,0,24,58,58,39,26,0,30,31,34,30,10
2021,3,A,골목상권,1000669,범안로17길,4567,2830,1737,0,82,135,247,533,3570,0,46,101,158,287,2238,0,36,34,89,246,1332
2021,3,A,골목상권,1000901,논현로28길,2736,1826,910,11,696,753,524,354,398,5,338,444,374,296,369,6,358,309,150,58,29
2021,3,A,골목상권,1000851,논현로1길,1227,780,447,5,269,367,293,191,102,4,136,232,193,136,79,1,133,135,100,55,23
2021,3,A,골목상권,1000646,부일로15길,156,107,49,0,25,29,36,35,31,0,12,19,27,23,26,0,13,10,9,12,5
2021,3,A,골목상권,1000650,오류로8길,442,219,223,0,91,160,97,58,36,0,35,95,49,24,16,0,56,65,48,34,20
2021,3,A,골목상권,1000647,부일로1길,356,321,35,1,10,18,45,129,153,1,6,12,35,120,147,0,4,6,10,9,6
2021,3,A,골목상권,1000659,남부순환로112길,96,66,30,0,13,24,30,19,10,0,10,15,23,11,7,0,3,9,7,8,3
2021,3,A,골목상권,1000621,고척로21나길,369,197,172,0,34,54,115,112,54,0,21,33,45,55,43,0,13,21,70,57,11
2021,3,A,골목상권,1000642,디지털로27길,26,20,6,0,1,1,10,6,8,0,1,1,6,4,8,0,0,0,4,2,0
2021,3,A,골목상권,1000656,금하로14길,96,65,31,0,5,14,27,29,21,0,3,11,15,20,16,0,2,3,12,9,5
2021,3,A,골목상권,1000676,시흥대로22길,259,143,116,0,44,58,66,63,28,0,24,34,28,40,17,0,20,24,38,23,11
2021,3,A,골목상권,1000766,성대로1길,87,43,44,0,6,12,17,33,19,0,1,4,7,17,14,0,5,8,10,16,5
2021,3,A,골목상권,1000748,사당로16길,116,36,80,0,13,20,29,40,14,0,2,7,5,12,10,0,11,13,24,28,4
2021,3,R,전통시장,1001448,흑석시장,78,31,47,0,16,10,17,20,15,0,3,2,8,7,11,0,13,8,9,13,4
2021,3,A,골목상권,1000764,서달로15길,42,14,28,1,7,4,15,10,5,0,0,1,6,5,2,1,7,3,9,5,3
2021,3,R,전통시장,1001449,남성사계시장,136,59,77,0,21,34,44,21,16,0,3,17,20,7,12,0,18,17,24,14,4
2021,3,A,골목상권,1000867,사평대로26길,509,346,163,0,64,128,135,104,78,0,42,95,96,62,51,0,22,33,39,42,27
2021,3,A,골목상권,1000178,답십리로72길,54,20,34,0,7,13,15,16,3,0,3,6,5,4,2,0,4,7,10,12,1
2021,3,A,골목상권,1000956,송이로32길,1295,733,562,5,123,230,291,259,387,3,68,138,182,135,207,2,55,92,109,124,180
2021,3,R,전통시장,1001472,논현종합시장,85,43,42,0,21,14,14,19,17,0,7,7,6,14,9,0,14,7,8,5,8
2021,3,A,골목상권,1000217,한천로46길,257,101,156,1,29,69,82,62,14,1,9,32,26,26,7,0,20,37,56,36,7
2021,3,A,골목상권,1000001,계동길,842,388,454,0,97,160,190,191,204,0,30,55,85,75,143,0,67,105,105,116,61
2021,3,D,발달상권,1001241,혜화역 대학로_2,334,256,78,1,14,37,100,137,45,0,4,28,86,114,24,1,10,9,14,23,21
2021,3,A,골목상권,1000023,창신5길,15,7,8,0,0,0,6,9,0,0,0,0,5,2,0,0,0,0,1,7,0
2021,3,A,골목상권,1000120,왕십리로6길,538,350,188,5,63,120,121,156,73,4,30,77,70,117,52,1,33,43,51,39,21
2021,3,A,골목상권,1000027,필운대로1길,202,62,140,1,23,46,59,65,8,0,3,10,22,21,6,1,20,36,37,44,2
2021,3,A,골목상권,1000380,동일로192길,429,326,103,1,32,47,88,121,140,1,18,32,50,96,129,0,14,15,38,25,11
2021,3,A,골목상권,1000962,양재대로72길,245,124,121,0,21,31,61,72,60,0,8,15,22,35,44,0,13,16,39,37,16
2021,3,A,골목상권,1000186,사가정로2길,268,177,91,1,16,26,41,32,152,0,8,22,24,20,103,1,8,4,17,12,49
2021,3,D,발달상권,1001178,서울 마포구 홍대입구역_1,1618,826,792,6,370,510,369,227,136,2,131,237,204,143,109,4,239,273,165,84,27
2021,3,A,골목상권,1000820,신림로64길,113,45,68,1,7,29,35,18,23,0,2,13,10,5,15,1,5,16,25,13,8
2021,3,A,골목상권,1000861,반포대로9길,538,288,250,5,77,99,153,127,77,4,47,61,72,63,41,1,30,38,81,64,36
2021,3,A,골목상권,1000849,남부순환로325길,1477,1061,416,6,401,451,309,152,158,2,244,339,233,108,135,4,157,112,76,44,23
2021,3,R,전통시장,1001270,창신골목시장,13,7,6,0,0,2,4,4,3,0,0,2,2,1,2,0,0,0,2,3,1
2021,3,A,골목상권,1000372,방학로6가길,167,67,100,1,23,17,41,45,40,1,10,8,15,14,19,0,13,9,26,31,21
2021,3,A,골목상권,1000362,도봉로147길,161,81,80,0,9,26,34,51,41,0,7,19,19,18,18,0,2,7,15,33,23
2021,3,A,골목상권,1000356,도당로13바길,74,35,39,0,5,12,21,18,18,0,2,7,9,7,10,0,3,5,12,11,8
2021,3,A,골목상권,1000975,동남로82길,108,64,44,0,12,28,29,18,21,0,5,14,18,11,16,0,7,14,11,7,5
2021,3,A,골목상권,1001010,풍성로37가길,128,57,71,0,20,38,31,18,21,0,6,17,12,8,14,0,14,21,19,10,7
2021,3,R,전통시장,1001480,새마을시장,208,122,86,0,35,31,56,53,33,0,17,15,37,39,14,0,18,16,19,14,19
2021,3,A,골목상권,1000058,백범로90길,535,288,247,0,62,133,161,112,67,0,28,71,89,57,43,0,34,62,72,55,24
2021,3,D,발달상권,1001150,서울 용산구 이태원역,452,292,160,8,82,98,96,82,86,6,51,63,56,54,62,2,31,35,40,28,24
2021,3,A,골목상권,1000139,능동로34길,1018,676,342,3,162,214,218,210,211,0,85,145,144,139,163,3,77,69,74,71,48
2021,3,A,골목상권,1000135,긴고랑로8길,947,573,374,0,167,301,198,155,126,0,68,162,131,105,107,0,99,139,67,50,19
2021,3,A,골목상권,1000226,공릉로2길,148,69,79,0,7,25,40,48,28,0,5,10,13,18,23,0,2,15,27,30,5
2021,3,A,골목상권,1000227,답십리로75길,57,33,24,0,9,8,18,14,8,0,1,3,11,10,8,0,8,5,7,4,0
2021,3,A,골목상권,1000064,우사단로4길,308,143,165,0,72,52,54,83,47,0,11,31,32,42,27,0,61,21,22,41,20
2021,3,D,발달상권,1001196,시청역_1,24904,15705,9199,74,4236,8557,7434,3643,960,13,1766,4682,5429,3121,694,61,2470,3875,2005,522,266
2021,3,A,골목상권,1000243,면목로45길,454,364,90,2,39,85,147,138,43,2,24,56,117,124,41,0,15,29,30,14,2
2021,3,A,골목상권,1000338,솔샘로65길,284,66,218,1,32,59,84,72,36,0,0,8,19,17,22,1,32,51,65,55,14
2021,3,A,골목상권,1000079,한강대로43길,1841,1074,767,5,286,556,516,295,183,4,118,312,332,176,132,1,168,244,184,119,51
2021,3,A,골목상권,1000319,덕릉로41길,185,105,80,0,9,15,33,43,85,0,3,10,16,20,56,0,6,5,17,23,29
2021,3,A,골목상권,1000078,한강대로15길,774,417,357,2,166,273,182,92,59,2,54,127,119,69,46,0,112,146,63,23,13
2021,3,A,골목상권,1000467,동교로19길,1207,739,468,0,219,307,271,243,167,0,84,173,208,157,117,0,135,134,63,86,50
2021,3,A,골목상권,1000705,도신로60길,124,51,73,0,13,18,16,43,34,0,4,11,5,24,7,0,9,7,11,19,27
2021,3,D,발달상권,1001228,서울 종로구 종로5가역_3,1766,1160,606,3,251,446,420,379,267,1,117,261,264,299,218,2,134,185,156,80,49
2021,3,R,전통시장,1001264,통인시장,59,29,30,0,4,14,11,12,18,0,2,4,6,6,11,0,2,10,5,6,7
2021,3,A,골목상권,1000703,도신로15길,437,238,199,3,39,85,98,104,108,3,17,42,53,59,64,0,22,43,45,45,44
2021,3,A,골목상권,1000796,남부순환로151길,788,369,419,0,167,287,164,110,60,0,49,139,97,48,36,0,118,148,67,62,24
2021,3,A,골목상권,1000378,공릉로58길,129,61,68,0,3,15,32,51,28,0,2,10,14,23,12,0,1,5,18,28,16
2021,3,A,골목상권,1000101,무학봉길,22,11,11,0,2,3,3,8,6,0,0,1,1,5,4,0,2,2,2,3,2
2021,3,A,골목상권,1000277,보문로32길,267,128,139,0,26,65,64,66,46,0,6,34,34,32,22,0,20,31,30,34,24
2021,3,D,발달상권,1001232,서울 종로구 종로3가역_2,1823,948,875,4,380,555,344,286,254,4,161,301,167,149,166,0,219,254,177,137,88
2021,3,A,골목상권,1000806,대학길,80,45,35,0,11,20,19,21,9,0,5,13,9,15,3,0,6,7,10,6,6
2021,3,U,관광특구,1001493,동대문패션타운 관광특구,6054,2958,3096,36,1434,1695,1160,1061,668,13,543,737,662,600,403,23,891,958,498,461,265
2021,3,A,골목상권,1000041,장충단로8길,3778,1997,1781,18,690,903,1066,949,152,3,282,613,568,435,96,15,408,290,498,514,56
2021,3,A,골목상권,1000036,동호로15길,1161,835,326,6,228,448,321,118,40,1,134,338,252,80,30,5,94,110,69,38,10
2021,3,A,골목상권,1000076,청파로73길,248,128,120,1,40,63,61,45,38,0,11,26,27,29,35,1,29,37,34,16,3
2021,3,D,발달상권,1001230,인사동,26072,14829,11243,1264,8971,6611,4868,3002,1356,589,4272,3742,3219,2172,835,675,4699,2869,1649,830,521
2021,3,A,골목상권,1000052,녹사평대로32길,56,31,25,1,9,12,15,10,9,1,6,7,5,5,7,0,3,5,10,5,2
2021,3,D,발달상권,1001146,용산구청,1526,755,771,1,159,437,404,431,94,1,43,141,195,298,77,0,116,296,209,133,17
2021,3,A,골목상권,1000138,능동로19길,133,77,56,0,45,24,25,24,15,0,19,18,13,15,12,0,26,6,12,9,3
2021,3,A,골목상권,1000128,광나루로24길,25,12,13,0,5,8,7,2,3,0,1,3,5,1,2,0,4,5,2,1,1
2021,3,A,골목상권,1000107,성덕정길,227,152,75,0,22,22,61,94,28,0,13,16,41,62,20,0,9,6,20,32,8
2021,3,R,전통시장,1001296,금남시장,36,13,23,0,6,7,8,4,11,0,1,0,5,2,5,0,5,7,3,2,6
2021,3,A,골목상권,1000126,한림말길,355,174,181,1,79,77,101,69,28,0,37,44,55,23,15,1,42,33,46,46,13
2021,3,R,전통시장,1001299,한아름시장,40,29,11,0,5,6,6,10,13,0,4,4,5,6,10,0,1,2,1,4,3
2021,3,A,골목상권,1000228,동일로100길,328,240,88,0,41,42,51,96,98,0,17,25,28,79,91,0,24,17,23,17,7
2021,3,A,골목상권,1000159,자양로15길,106,45,61,0,9,20,32,21,24,0,1,12,11,10,11,0,8,8,21,11,13
2021,3,A,골목상권,1000247,면목로56길,91,53,38,0,10,14,30,21,16,0,6,5,19,11,12,0,4,9,11,10,4
2021,3,A,골목상권,1000246,면목로55길,473,306,167,0,41,145,169,86,32,0,19,93,110,63,21,0,22,52,59,23,11
2021,3,R,전통시장,1001334,태능시장,81,34,47,2,15,9,24,15,16,1,2,4,6,9,12,1,13,5,18,6,4
2021,3,R,전통시장,1001353,수유전통시장,231,55,176,1,36,34,35,68,57,0,1,7,13,12,22,1,35,27,22,56,35
2021,3,A,골목상권,1000443,수색로8길,1090,905,185,0,25,53,78,156,778,0,4,29,35,99,738,0,21,24,43,57,40
2021,3,A,골목상권,1000344,인수봉로72길,54,18,36,0,7,6,20,12,9,0,1,3,4,5,5,0,6,3,16,7,4
2021,3,A,골목상권,1000282,성북로8길,143,88,55,0,20,34,36,27,26,0,11,16,24,16,21,0,9,18,12,11,5
2021,3,A,골목상권,1000272,동소문로6길,62,28,34,0,8,14,14,13,13,0,0,4,10,5,9,0,8,10,4,8,4
2021,3,A,골목상권,1000300,종암로16길,140,61,79,0,17,25,35,32,31,0,5,17,12,16,11,0,12,8,23,16,20
2021,3,A,골목상권,1000340,오패산로30길,13,5,8,0,1,2,3,6,1,0,1,0,1,3,0,0,0,2,2,3,1
2021,3,R,전통시장,1001352,번동북부골목시장,50,25,25,0,17,5,11,8,9,0,3,3,6,8,5,0,14,2,5,0,4
2021,3,A,골목상권,1000327,삼각산로28길,70,33,37,0,5,13,19,19,14,0,0,6,8,12,7,0,5,7,11,7,7
2021,3,A,골목상권,1000351,한천로140길,36,25,11,0,1,9,8,5,13,0,0,6,6,4,9,0,1,3,2,1,4
2021,3,A,골목상권,1000441,세무서2길,186,77,109,0,25,34,44,47,36,0,4,20,18,22,13,0,21,14,26,25,23
2021,3,A,골목상권,1000448,증가로20가길,336,99,237,0,39,85,98,72,42,0,4,20,19,27,29,0,35,65,79,45,13
2021,3,A,골목상권,1000331,삼양로41길,338,275,63,1,17,31,57,103,129,1,9,11,41,94,119,0,8,20,16,9,10
2021,3,A,골목상권,1000320,도봉로13길,13,8,5,0,1,0,2,6,4,0,1,0,1,4,2,0,0,0,1,2,2
2021,3,A,골목상권,1000503,월드컵로7길,759,308,451,1,135,276,207,114,26,0,39,95,104,51,19,1,96,181,103,63,7
2021,3,A,골목상권,1000491,양화로11길,2761,1012,1749,6,608,1181,713,206,47,3,155,424,267,130,33,3,453,757,446,76,14
2021,3,A,골목상권,1000471,마포대로12길,78,39,39,1,4,14,22,23,14,0,2,6,11,12,8,1,2,8,11,11,6
2021,3,R,전통시장,1001391,망원월드컵시장,190,123,67,1,26,69,53,25,16,1,14,43,35,16,14,0,12,26,18,9,2
2021,3,A,골목상권,1000707,디지털로37길,172,55,117,0,15,32,46,43,36,0,2,12,18,12,11,0,13,20,28,31,25
2021,3,A,골목상권,1000697,대림로7길,49,23,26,0,3,3,7,11,25,0,2,1,4,7,9,0,1,2,3,4,16
2021,3,D,발달상권,1001213,종각역 젊음의 거리,13040,3576,9464,48,2566,4337,4204,1653,232,13,802,1471,897,264,129,35,1764,2866,3307,1389,103
2021,3,A,골목상권,1000435,가재울로6길,168,108,60,0,17,16,39,61,35,0,12,9,22,39,26,0,5,7,17,22,9
2021,3,A,골목상권,1000484,성산로4길,855,546,309,4,168,199,217,195,72,2,93,126,125,145,55,2,75,73,92,50,17
2021,3,A,골목상권,1000473,마포대로4길,674,365,309,0,97,182,197,143,55,0,28,83,120,94,40,0,69,99,77,49,15
2021,3,A,골목상권,1000488,신촌로12길,197,95,102,2,20,37,52,50,36,1,7,22,26,17,22,1,13,15,26,33,14
2021,3,D,발달상권,1001051,보라매공원,2417,1455,962,6,401,736,707,383,184,4,194,433,450,237,137,2,207,303,257,146,47
2021,3,R,전통시장,1001268,충신시장,77,40,37,0,19,17,15,15,11,0,7,11,6,7,9,0,12,6,9,8,2
2021,3,R,전통시장,1001392,동진시장,10,6,4,0,1,1,4,3,1,0,1,1,1,2,1,0,0,0,3,1,0
2021,3,D,발달상권,1001170,공덕역,2092,1198,894,4,366,628,544,439,111,2,105,315,337,351,88,2,261,313,207,88,23
2021,3,A,골목상권,1000482,성미산로1길,554,299,255,1,88,143,160,100,62,1,35,85,91,54,33,0,53,58,69,46,29
2021,3,A,골목상권,1000464,독막로32길,487,240,247,5,83,113,131,119,36,5,46,70,54,35,30,0,37,43,77,84,6
2021,3,A,골목상권,1000497,월드컵로10길,1102,654,448,5,220,292,283,208,94,3,90,170,183,142,66,2,130,122,100,66,28
2021,3,A,골목상권,1000470,동교로38길,464,247,217,1,52,132,156,71,52,1,23,57,106,30,30,0,29,75,50,41,22
2021,3,D,발달상권,1001184,서울 마포구 홍대입구역_3,659,386,273,1,102,136,182,138,100,1,33,83,109,92,68,0,69,53,73,46,32
2021,3,A,골목상권,1000490,신촌로30길,109,64,45,0,11,28,27,17,26,0,8,23,10,4,19,0,3,5,17,13,7
2021,3,A,골목상권,1000502,월드컵로36길,461,286,175,0,32,96,140,131,62,0,11,54,79,92,50,0,21,42,61,39,12
2021,3,D,발달상권,1001239,디지털미디어시티,6727,3880,2847,19,1352,2498,2095,617,146,11,642,1464,1231,421,111,8,710,1034,864,196,35
2021,3,A,골목상권,1000695,대림로34길,201,139,62,0,19,27,56,67,32,0,15,16,40,41,27,0,4,11,16,26,5
2021,3,D,발달상권,1001171,서울 마포구 공덕역_2,3697,2404,1293,9,703,874,1094,916,101,1,276,466,760,822,79,8,427,408,334,94,22
2021,3,D,발달상권,1001139,서울 영등포구 영등포구청역,449,275,174,0,51,101,114,93,90,0,19,51,77,63,65,0,32,50,37,30,25
2021,3,A,골목상권,1000725,여의대방로61길,514,400,114,1,71,136,151,67,88,1,49,108,113,49,80,0,22,28,38,18,8
2021,3,A,골목상권,1000704,도신로29길,108,49,59,2,8,10,19,32,37,2,5,7,11,8,16,0,3,3,8,24,21
2021,3,A,골목상권,1000781,관악로14길,109,42,67,0,8,16,30,31,24,0,5,3,5,15,14,0,3,13,25,16,10
2021,3,A,골목상권,1000687,국회대로56길,3275,1590,1685,11,1017,864,657,456,270,6,291,404,382,299,208,5,726,460,275,157,62
2021,3,D,발달상권,1001124,서울 영등포구 영등포시장역,411,246,165,6,70,66,92,104,73,2,25,34,56,71,58,4,45,32,36,33,15
2021,3,A,골목상권,1000825,은천로25길,44,21,23,0,5,1,14,15,9,0,1,0,8,8,4,0,4,1,6,7,5
2021,3,A,골목상권,1000791,난곡로34길,47,19,28,0,10,5,13,9,10,0,0,1,5,5,8,0,10,4,8,4,2
2021,3,R,전통시장,1001453,낙성대시장,10,6,4,0,4,0,3,1,2,0,4,0,0,1,1,0,0,0,3,0,1
2021,3,R,전통시장,1001458,인헌시장,122,46,76,0,20,27,37,24,14,0,3,9,14,12,8,0,17,18,23,12,6
2021,3,A,골목상권,1000840,양산길,11,3,8,0,1,1,4,4,1,0,1,0,1,1,0,0,0,1,3,3,1
2021,3,R,전통시장,1001359,창동신창시장,104,40,64,0,2,21,32,29,20,0,0,7,14,8,11,0,2,14,18,21,9
2021,3,R,전통시장,1001318,청량리전통시장,9,7,2,0,0,0,1,5,3,0,0,0,1,4,2,0,0,0,0,1,1
2021,3,D,발달상권,1001128,청담사거리_1,529,295,234,0,153,172,97,61,46,0,46,102,70,40,37,0,107,70,27,21,9
2021,3,A,골목상권,1000939,학동로77길,1851,1119,732,6,381,700,403,247,114,2,173,446,262,158,78,4,208,254,141,89,36
2021,3,A,골목상권,1000918,삼성로147길,190,88,102,0,51,56,34,25,24,0,12,31,19,12,14,0,39,25,15,13,10
2021,3,D,발달상권,1001094,선정릉역_1,2392,1492,900,10,559,766,516,304,237,4,250,435,381,213,209,6,309,331,135,91,28
2021,3,D,발달상권,1001225,신설동역,118,54,64,0,4,24,33,31,26,0,3,9,10,14,18,0,1,15,23,17,8
2021,3,D,발달상권,1001084,서울 강남구 선릉역_1,21572,9107,12465,49,5651,5960,4971,3383,1558,20,2281,2934,2129,957,786,29,3370,3026,2842,2426,772
2021,3,D,발달상권,1001065,은마아파트입구사거리_1,277,92,185,2,39,62,85,61,28,0,9,26,23,22,12,2,30,36,62,39,16
2021,3,R,전통시장,1001475,강남개포시장,138,84,54,0,15,20,34,37,32,0,4,5,20,31,24,0,11,15,14,6,8
2021,3,A,골목상권,1000365,도봉로169나길,244,184,60,1,6,17,23,103,94,1,2,7,14,80,80,0,4,10,9,23,14
2021,3,A,골목상권,1000008,북촌로5나길,234,113,121,0,47,72,46,35,34,0,13,26,26,24,24,0,34,46,20,11,10
2021,3,A,골목상권,1000368,도봉산길,135,64,71,0,15,25,35,30,30,0,3,8,18,14,21,0,12,17,17,16,9
2021,3,D,발달상권,1001193,장한평역_1,1129,748,381,9,71,173,200,159,517,6,24,91,123,104,400,3,47,82,77,55,117
2021,3,R,전통시장,1001325,청량리청과물시장,12,9,3,0,0,1,4,2,5,0,0,1,2,1,5,0,0,0,2,1,0
2021,3,A,골목상권,1000009,삼청로5길,2703,2626,77,1,341,605,820,760,176,0,318,588,805,745,170,1,23,17,15,15,6
2021,3,R,전통시장,1001272,신설종합시장,50,37,13,1,1,10,12,13,13,0,0,9,10,10,8,1,1,1,2,3,5
2021,3,R,전통시장,1001367,상계중앙시장,105,59,46,1,17,22,21,28,16,1,11,15,9,15,8,0,6,7,12,13,8
2021,3,A,골목상권,1000869,서초대로15길,467,253,214,5,84,80,111,114,73,2,37,44,67,66,37,3,47,36,44,48,36
2021,3,D,발달상권,1001034,서울 서초구 방배역,1690,910,780,8,419,514,370,225,154,0,149,295,241,125,100,8,270,219,129,100,54
2021,3,A,골목상권,1000549,지양로7길,245,105,140,0,21,64,59,55,46,0,5,31,21,18,30,0,16,33,38,37,16
2021,3,D,발달상권,1001081,서울 강남구 역삼역_2,19179,15530,3649,7,3451,6390,5378,3496,457,2,2121,4943,4759,3325,380,5,1330,1447,619,171,77
2021,3,A,골목상권,1000405,연서로28길,226,118,108,2,43,53,52,45,31,1,14,32,25,28,18,1,29,21,27,17,13
2021,3,A,골목상권,1000397,수색로18길,128,93,35,0,11,15,39,43,20,0,6,11,28,30,18,0,5,4,11,13,2
2021,3,A,골목상권,1000215,한천로33길,203,76,127,0,12,21,76,76,18,0,10,11,26,17,12,0,2,10,50,59,6
2021,3,A,골목상권,1000619,경인로35길,364,232,132,0,42,115,97,76,34,0,17,83,58,44,30,0,25,32,39,32,4
2021,3,A,골목상권,1000516,남부순환로79길,142,74,68,0,17,21,24,40,40,0,5,10,8,21,30,0,12,11,16,19,10
2021,3,R,전통시장,1001369,갈현시장,287,186,101,3,77,126,59,16,6,2,43,92,37,7,5,1,34,34,22,9,1
2021,3,D,발달상권,1001254,서울 은평구 연신내역_2,555,168,387,2,155,131,133,88,46,1,26,36,38,34,33,1,129,95,95,54,13
2021,3,A,골목상권,1000412,은평로10길,246,148,98,1,14,29,40,49,113,0,8,9,16,28,87,1,6,20,24,21,26
2021,3,A,골목상권,1000593,양천로24길,186,100,86,1,31,37,47,40,30,1,10,21,24,20,24,0,21,16,23,20,6
2021,3,A,골목상권,1000415,은평로3길,242,110,132,0,26,61,73,49,33,0,8,23,38,23,18,0,18,38,35,26,15
2021,3,A,골목상권,1000423,증산로15길,398,297,101,0,76,95,76,84,67,0,68,77,51,46,55,0,8,18,25,38,12
2021,3,A,골목상권,1000410,연서로41길,64,33,31,0,3,9,18,27,7,0,1,3,7,16,6,0,2,6,11,11,1
2021,3,D,발달상권,1001136,오목교역,125,72,53,0,15,24,34,20,32,0,7,15,17,11,22,0,8,9,17,9,10
2021,3,A,골목상권,1000526,목동중앙본로7길,131,70,61,0,19,29,29,34,20,0,11,14,9,19,17,0,8,15,20,15,3
2021,3,R,전통시장,1001398,월정로시장,61,42,19,0,4,16,16,17,8,0,0,11,10,14,7,0,4,5,6,3,1
2021,3,A,골목상권,1000508,곰달래로10길,543,449,94,2,30,56,134,232,89,1,20,42,109,195,82,1,10,14,25,37,7
2021,3,A,골목상권,1000545,중앙로45길,1386,1342,44,0,14,19,51,173,1129,0,9,11,35,164,1123,0,5,8,16,9,6
2021,3,A,골목상권,1000522,목동로9길,768,479,289,0,60,160,149,182,217,0,20,88,86,135,150,0,40,72,63,47,67
2021,3,A,골목상권,1000567,개화동로23길,857,669,188,0,74,126,199,192,266,0,33,82,143,161,250,0,41,44,56,31,16
2021,3,A,골목상권,1000610,개봉로17길,1304,418,886,3,198,196,369,425,113,1,111,105,82,70,49,2,87,91,287,355,64
2021,3,A,골목상권,1000577,공항대로59길,654,454,200,1,78,129,159,159,128,1,30,86,105,122,110,0,48,43,54,37,18
2021,3,A,골목상권,1000565,강서로5라길,245,176,69,0,24,53,64,67,37,0,19,35,45,46,31,0,5,18,19,21,6
2021,3,A,골목상권,1000199,장한로27가길,148,81,67,0,29,32,22,32,33,0,18,25,13,10,15,0,11,7,9,22,18
2021,3,R,전통시장,1001411,남부골목시장,156,58,98,0,22,27,45,41,21,0,5,4,14,18,17,0,17,23,31,23,4
2021,3,A,골목상권,1000555,강서로17가길,554,386,168,0,22,50,120,256,106,0,7,21,63,208,87,0,15,29,57,48,19
2021,3,A,골목상권,1000649,신도림로13길,148,100,48,1,18,30,33,40,26,1,8,20,22,30,19,0,10,10,11,10,7
2021,3,A,골목상권,1000641,도림로6길,160,93,67,0,30,40,43,28,19,0,20,22,25,16,10,0,10,18,18,12,9
2021,3,A,골목상권,1000569,곰달래로25길,245,139,106,0,37,27,45,84,52,0,19,16,33,53,18,0,18,11,12,31,34
2021,3,U,관광특구,1001492,명동 남대문 북창동 다동 무교동 관광특구,104830,53674,51156,423,27134,34007,23384,15726,4156,137,8860,16080,15133,10824,2640,286,18274,17927,8251,4902,1516
2021,3,A,골목상권,1000655,가산로5길,499,350,149,2,64,95,153,124,61,2,49,74,111,67,47,0,15,21,42,57,14
2021,3,D,발달상권,1001078,서울 강남구 강남역_2,9449,4629,4820,28,2791,3376,1834,974,446,8,772,1658,1221,693,277,20,2019,1718,613,281,169
2021,3,A,골목상권,1000859,마방로2길,3582,2570,1012,20,575,1020,900,645,422,16,347,760,672,445,330,4,228,260,228,200,92
2021,3,D,발달상권,1001076,구로역,201,101,100,0,47,52,53,30,19,0,20,30,28,13,10,0,27,22,25,17,9
2021,3,A,골목상권,1000865,사임당로17길,1939,1273,666,10,414,648,407,270,190,9,211,425,306,183,139,1,203,223,101,87,51
2021,3,R,전통시장,1001468,남부종합시장,85,63,22,0,2,8,25,35,15,0,1,8,16,24,14,0,1,0,9,11,1
2021,3,D,발달상권,1001012,양재 화물트럭터미널앞_1,1944,1643,301,2,511,660,400,294,77,0,367,593,358,261,64,2,144,67,42,33,13
2021,3,A,골목상권,1000915,봉은사로57길,638,409,229,6,169,206,146,74,37,5,91,140,97,51,25,1,78,66,49,23,12
2021,3,D,발달상권,1001101,선정릉역_2,3758,2684,1074,10,776,1205,853,538,376,6,330,834,718,462,334,4,446,371,135,76,42
2021,3,A,골목상권,1000881,효령로31길,2710,2198,512,43,852,1074,535,128,78,39,643,920,447,95,54,4,209,154,88,33,24
2021,3,A,골목상권,1000929,압구정로2길,1937,1352,585,5,337,640,509,345,101,2,138,450,387,288,87,3,199,190,122,57,14
2021,3,A,골목상권,1000359,도봉로109길,276,223,53,0,40,48,94,66,28,0,29,36,76,59,23,0,11,12,18,7,5
2021,3,A,골목상권,1000899,논현로159길,109,49,60,0,35,22,22,21,9,0,11,9,8,16,5,0,24,13,14,5,4
2021,3,A,골목상권,1000965,오금로46길,711,359,352,3,94,140,176,210,88,2,48,80,96,87,46,1,46,60,80,123,42
2021,3,A,골목상권,1000924,선릉로121길,2263,1243,1020,11,606,680,396,300,270,6,276,266,271,238,186,5,330,414,125,62,84
2021,3,A,골목상권,1000889,개포로17길,961,659,302,0,135,286,315,146,79,0,59,189,244,99,68,0,76,97,71,47,11
2021,3,A,골목상권,1000891,개포로28길,589,445,144,6,72,118,111,121,161,2,28,80,88,102,145,4,44,38,23,19,16
2021,3,D,발달상권,1001090,삼정역_2,1162,721,441,11,222,280,175,174,300,1,78,173,123,126,220,10,144,107,52,48,80
2021,3,R,전통시장,1001478,방이시장,3469,1526,1943,5,449,529,612,1126,748,4,159,335,346,371,311,1,290,194,266,755,437
2021,3,D,발달상권,1001129,청담사거리_2,1289,759,530,6,320,326,293,227,117,1,135,207,187,153,76,5,185,119,106,74,41
2021,3,A,골목상권,1000955,송이로23길,1850,1269,581,3,252,419,411,367,398,1,128,286,289,250,315,2,124,133,122,117,83
2021,3,A,골목상권,1000212,천호대로77길,169,111,58,0,26,28,46,41,28,0,13,18,32,26,22,0,13,10,14,15,6
2021,3,R,전통시장,1001289,용문전통시장,19,10,9,0,2,3,4,6,4,0,1,2,1,4,2,0,1,1,3,2,2
2021,3,A,골목상권,1000185,사가정로23가길,84,46,38,0,6,19,34,19,6,0,4,10,19,10,3,0,2,9,15,9,3
2021,3,R,전통시장,1001324,전곡시장,77,42,35,0,5,16,22,22,12,0,4,7,11,10,10,0,1,9,11,12,2
2021,3,A,골목상권,1000360,도봉로114길,380,143,237,2,55,89,81,91,62,0,16,27,34,37,29,2,39,62,47,54,33
2021,3,A,골목상권,1000208,천장산로7길,74,32,42,0,18,16,19,15,6,0,5,9,8,7,3,0,13,7,11,8,3
2021,3,R,전통시장,1001476,풍납시장,51,20,31,0,7,3,10,22,9,0,4,2,2,7,5,0,3,1,8,15,4
2021,3,D,발달상권,1001056,서울 송파구 가락시장역,5421,3249,2172,6,997,1596,1330,909,583,2,432,908,878,548,481,4,565,688,452,361,102
2021,3,A,골목상권,1000950,백제고분로42길,590,289,301,0,52,121,150,176,91,0,27,67,74,74,47,0,25,54,76,102,44
2021,3,A,골목상권,1001008,천호옛14길,177,93,84,2,25,23,39,34,54,1,13,12,27,17,23,1,12,11,12,17,31
2021,3,R,전통시장,1001488,성내골목시장,30,18,12,0,1,5,8,10,6,0,1,2,5,7,3,0,0,3,3,3,3
2021,3,A,골목상권,1000990,양재대로91길,358,230,128,1,50,81,101,73,52,1,32,54,60,45,38,0,18,27,41,28,14
2021,3,A,골목상권,1000995,올림픽로77길,210,114,96,2,49,39,39,54,27,0,23,22,18,35,16,2,26,17,21,19,11
2021,3,R,전통시장,1001487,천호시장,35,19,16,0,4,10,6,7,8,0,2,3,4,3,7,0,2,7,2,4,1
2021,3,A,골목상권,1000054,녹사평대로46길,43,19,24,0,3,7,14,8,11,0,0,2,6,3,8,0,3,5,8,5,3
2021,3,A,골목상권,1000057,백범로79길,899,560,339,3,106,256,270,165,99,2,45,159,182,104,68,1,61,97,88,61,31
2021,3,U,관광특구,1001491,이태원 관광특구,5839,3064,2775,28,1377,2065,1290,768,311,18,514,986,777,541,228,10,863,1079,513,227,83
2021,3,R,전통시장,1001300,화양제일골목시장,43,11,32,0,5,12,16,7,3,0,0,3,6,1,1,0,5,9,10,6,2
2021,3,A,골목상권,1000075,청파로71길,1317,727,590,1,193,334,322,264,203,0,71,146,153,183,174,1,122,188,169,81,29
2021,3,R,전통시장,1001338,돈암제일시장,97,22,75,1,20,20,25,18,13,0,0,2,7,8,5,1,20,18,18,10,8
2021,3,A,골목상권,1000334,삼양로93길,209,94,115,0,25,48,58,59,19,0,8,19,24,26,17,0,17,29,34,33,2
2021,3,D,발달상권,1001154,용산 전자상가_4,248,182,66,1,42,85,61,29,30,0,27,63,45,21,26,1,15,22,16,8,4
2021,3,D,발달상권,1001180,신촌역,4403,2012,2391,61,2189,958,459,413,323,19,924,496,198,193,182,42,1265,462,261,220,141
2021,3,A,골목상권,1000071,이태원로54길,812,552,260,6,245,319,164,41,37,6,145,233,116,27,25,0,100,86,48,14,12
2021,3,R,전통시장,1001459,신원시장,42,21,21,0,3,4,13,15,7,0,1,2,4,9,5,0,2,2,9,6,2
2021,3,A,골목상권,1000931,영동대로112길,9367,7734,1633,10,2213,3740,2287,833,284,4,1808,3118,1885,682,237,6,405,622,402,151,47
2021,3,A,골목상권,1000055,대사관로34길,606,393,213,7,104,137,112,158,88,6,67,83,74,108,55,1,37,54,38,50,33
2021,3,R,전통시장,1001267,종로신진시장,158,89,69,0,13,25,46,36,38,0,11,16,19,19,24,0,2,9,27,17,14
2021,3,D,발달상권,1001217,서울 종로구 종로5가역_1,22,9,13,0,0,4,5,6,7,0,0,0,5,0,4,0,0,4,0,6,3
2021,3,A,골목상권,1000015,이화장길,497,221,276,1,103,144,98,89,62,0,32,69,46,48,26,1,71,75,52,41,36
2021,3,A,골목상권,1000183,무학로45길,227,141,86,0,23,39,57,55,53,0,7,27,31,37,39,0,16,12,26,18,14
2021,3,A,골목상권,1000165,천호대로109길,915,504,411,0,170,188,225,188,144,0,109,113,121,89,72,0,61,75,104,99,72
2021,3,R,전통시장,1001314,경동시장,130,61,69,0,18,32,24,19,37,0,3,11,11,12,24,0,15,21,13,7,13
2021,3,D,발달상권,1001191,왕십리역_1,8,2,6,0,0,1,4,2,1,0,0,0,1,0,1,0,0,1,3,2,0
2021,3,A,골목상권,1000156,용마산로21길,396,253,143,0,34,61,105,115,81,0,15,41,60,80,57,0,19,20,45,35,24
2021,3,A,골목상권,1000097,매봉길,60,30,30,1,8,22,10,13,6,0,2,11,7,6,4,1,6,11,3,7,2
2021,3,R,전통시장,1001282,약수시장,271,105,166,2,42,47,71,59,50,2,9,9,29,24,32,0,33,38,42,35,18
2021,3,A,골목상권,1000144,뚝섬로23길,209,148,61,5,14,22,49,67,52,4,8,14,29,49,44,1,6,8,20,18,8
2021,3,A,골목상권,1000239,망우로68길,107,44,63,0,13,21,26,31,16,0,1,7,13,12,11,0,12,14,13,19,5
2021,3,R,전통시장,1001290,이촌종합시장,109,78,31,0,13,19,25,26,26,0,7,12,15,21,23,0,6,7,10,5,3
2021,3,R,전통시장,1001276,평화시장,906,614,292,3,110,289,263,165,76,0,61,164,204,128,57,3,49,125,59,37,19
2021,3,D,발달상권,1001177,서울 중구 약수역_2,210,91,119,0,38,38,48,50,36,0,7,13,21,28,22,0,31,25,27,22,14
2021,3,A,골목상권,1000104,상원길,1919,1334,585,6,327,405,312,404,465,4,234,290,208,273,325,2,93,115,104,131,140
2021,3,R,전통시장,1001288,만리시장,12,9,3,0,0,2,1,4,5,0,0,1,1,3,4,0,0,1,0,1,1
2021,3,A,골목상권,1000029,난계로21길,128,93,35,0,8,27,29,41,23,0,6,17,22,29,19,0,2,10,7,12,4
2021,3,A,골목상권,1000066,원효로41길,243,153,90,2,59,54,52,50,26,2,30,39,32,26,24,0,29,15,20,24,2
2021,3,A,골목상권,1000506,효창원로93길,243,99,144,0,40,54,49,65,35,0,15,25,23,20,16,0,25,29,26,45,19
2021,3,A,골목상권,1000111,송정12라길,94,48,46,0,12,16,26,18,22,0,3,5,12,10,18,0,9,11,14,8,4
2021,3,A,골목상권,1000122,용답중앙길,93,66,27,1,8,19,28,20,17,1,6,16,20,10,13,0,2,3,8,10,4
2021,3,A,골목상권,1000134,긴고랑로7길,460,353,107,1,26,46,86,161,140,0,11,26,56,130,130,1,15,20,30,31,10
2021,3,R,전통시장,1001301,중곡제일시장,111,68,43,0,15,21,29,24,22,0,7,14,20,10,17,0,8,7,9,14,5
2021,3,A,골목상권,1000251,봉화산로4길,58,30,28,0,11,11,17,9,10,0,6,5,10,3,6,0,5,6,7,6,4
2021,3,D,발달상권,1001160,서울 광진구 구의역,928,584,344,6,105,148,250,239,180,6,52,85,152,168,121,0,53,63,98,71,59
2021,3,A,골목상권,1000276,보문로31길,253,128,125,0,20,39,51,79,64,0,11,17,33,41,26,0,9,22,18,38,38
2021,3,R,전통시장,1001379,인왕시장,44,7,37,0,1,1,8,7,27,0,0,0,1,3,3,0,1,1,7,4,24
2021,3,D,발달상권,1001240,혜화역 대학로_1,1230,573,657,8,203,350,256,165,248,4,56,110,120,96,187,4,147,240,136,69,61
2021,3,D,발달상권,1001257,서울 강북구 수유역_2,2284,1108,1176,9,237,589,586,598,265,8,75,219,262,390,154,1,162,370,324,208,111
2021,3,A,골목상권,1000683,가마산로61길,47,35,12,0,3,6,13,11,14,0,2,4,10,9,10,0,1,2,3,2,4
2021,3,A,골목상권,1000476,망원로2길,282,190,92,0,31,67,82,72,30,0,21,50,50,46,23,0,10,17,32,26,7
2021,3,A,골목상권,1000505,토정로37길,431,166,265,0,46,64,72,71,178,0,14,31,30,25,66,0,32,33,42,46,112
2021,3,A,골목상권,1000439,북아현로4길,350,225,125,0,48,47,49,88,118,0,19,24,22,66,94,0,29,23,27,22,24
2021,3,A,골목상권,1000702,도림천로21길,236,157,79,0,17,24,33,49,113,0,12,14,21,25,85,0,5,10,12,24,28
2021,3,A,골목상권,1000450,증가로6길,326,277,49,1,11,18,52,140,104,1,6,10,38,123,99,0,5,8,14,17,5
2021,3,R,전통시장,1001381,모래내시장,14,9,5,0,0,0,4,4,6,0,0,0,2,2,5,0,0,0,2,2,1
2021,3,A,골목상권,1000465,독막로8길,441,274,167,4,67,106,116,91,57,3,36,55,75,63,42,1,31,51,41,28,15
2021,3,A,골목상권,1000478,모래내로7길,91,63,28,0,5,10,23,30,23,0,4,5,15,17,22,0,1,5,8,13,1
2021,3,A,골목상권,1000689,당산로37길,2439,1483,956,19,663,502,399,447,409,12,375,310,253,283,250,7,288,192,146,164,159
2021,3,A,골목상권,1000461,도화4길,825,292,533,3,106,132,200,241,143,2,72,69,43,36,70,1,34,63,157,205,73
2021,3,R,전통시장,1001384,마포시장,11,3,8,0,0,1,4,3,3,0,0,1,0,1,1,0,0,0,4,2,2
2021,3,A,골목상권,1000713,선유서로28길,208,110,98,0,28,36,49,53,42,0,11,21,25,29,24,0,17,15,24,24,18
2021,3,A,골목상권,1000843,소담길,14,4,10,0,0,1,4,3,6,0,0,0,0,0,4,0,0,1,4,3,2
2021,3,A,골목상권,1000706,도신로62길,227,173,54,0,48,85,58,21,15,0,28,73,49,14,9,0,20,12,9,7,6
2021,3,A,골목상권,1000724,여의대방로43나길,859,661,198,0,58,109,162,325,205,0,36,78,120,260,167,0,22,31,42,65,38
2021,3,A,골목상권,1000693,대림로29길,964,624,340,2,59,121,217,295,270,0,34,72,127,194,197,2,25,49,90,101,73
2021,3,A,골목상권,1000783,관악로30길,140,51,89,2,37,32,31,26,12,2,17,10,9,9,4,0,20,22,22,17,8
2021,3,A,골목상권,1000823,신원로3길,180,103,77,0,14,42,50,46,28,0,6,24,27,29,17,0,8,18,23,17,11
2021,3,A,골목상권,1000798,남부순환로172길,450,316,134,1,64,125,78,98,84,1,45,94,55,63,58,0,19,31,23,35,26
2021,3,R,전통시장,1001455,봉일시장,44,23,21,1,1,4,6,15,17,0,0,1,5,3,14,1,1,3,1,12,3
2021,3,A,골목상권,1000812,봉천로33길,211,131,80,0,34,49,60,38,30,0,15,23,38,31,24,0,19,26,22,7,6
2021,3,R,전통시장,1001467,우림시장,1,0,1,0,0,0,1,0,0,0,0,0,0,0,0,0,0,0,1,0,0
2021,3,A,골목상권,1000842,원신길,22,11,11,2,2,5,3,5,5,0,1,4,0,2,4,2,1,1,3,3,1
2021,3,A,골목상권,1000170,난계로30길,4980,2233,2747,6,308,1206,1793,1441,226,1,159,768,738,451,116,5,149,438,1055,990,110
2021,3,D,발달상권,1001068,은마아파트입구사거리_2,15650,5160,10490,195,3168,3396,2797,3742,2352,80,1184,1720,1200,668,308,115,1984,1676,1597,3074,2044
2021,3,D,발달상권,1001071,서울 강남구 한티역,673,371,302,2,113,176,164,137,81,1,41,85,104,86,54,1,72,91,60,51,27
2021,3,A,골목상권,1000895,논현로10길,454,271,183,1,89,133,103,93,35,0,28,81,74,63,25,1,61,52,29,30,10
2021,3,D,발달상권,1001019,포이사거리_1,192,141,51,1,18,37,48,29,59,1,9,22,35,18,56,0,9,15,13,11,3
2021,3,A,골목상권,1000194,이문로42길,48,29,19,0,1,7,14,19,7,0,1,4,9,11,4,0,0,3,5,8,3
2021,3,A,골목상권,1000388,한글비석로44길,232,95,137,0,15,31,49,69,68,0,9,19,21,24,22,0,6,12,28,45,46
2021,3,A,골목상권,1000361,도봉로143길,73,48,25,0,5,11,20,25,12,0,1,8,12,17,10,0,4,3,8,8,2
2021,3,R,전통시장,1001408,신월중앙시장,118,53,65,0,28,34,26,13,17,0,8,12,11,9,13,0,20,22,15,4,4
2021,3,D,발달상권,1001236,서울 종로구 안국역_2,810,409,401,2,136,228,242,153,49,0,44,110,126,92,37,2,92,118,116,61,12
2021,3,A,골목상권,1000207,제기로5길,45,39,6,0,1,9,15,9,11,0,1,8,12,8,10,0,0,1,3,1,1
2021,3,D,발달상권,1001037,양재역,904,474,430,2,144,240,244,158,116,2,51,106,127,103,85,0,93,134,117,55,31
2021,3,A,골목상권,1000123,장터길,90,46,44,0,9,26,19,22,14,0,0,14,7,15,10,0,9,12,12,7,4
2021,3,A,골목상권,1000108,성수이로18길,2988,1968,1020,18,484,709,765,637,375,17,260,480,515,431,265,1,224,229,250,206,110
2021,3,A,골목상권,1000092,뚝섬로5길,2136,1426,710,9,426,739,521,290,151,5,222,511,368,198,122,4,204,228,153,92,29
2021,3,A,골목상권,1000353,노해로63다길,43,19,24,0,5,6,9,16,7,0,0,1,5,7,6,0,5,5,4,9,1
2021,3,A,골목상권,1000164,자양번영로3길,587,462,125,0,28,54,167,231,107,0,16,35,132,192,87,0,12,19,35,39,20
2021,3,D,발달상권,1001227,종로구청,20709,10947,9762,13,2292,6864,7103,3437,1000,5,738,2911,4125,2505,663,8,1554,3953,2978,932,337
2021,3,A,골목상권,1000142,동일로18길,79,54,25,0,3,17,28,24,7,0,2,8,19,19,6,0,1,9,9,5,1
2021,3,A,골목상권,1000088,고산자로6길,704,495,209,1,92,189,204,129,89,0,63,119,143,94,76,1,29,70,61,35,13
2021,3,D,발달상권,1001233,서울 종로구 종로3가역_3,2136,1442,694,10,380,643,602,363,138,3,183,437,467,254,98,7,197,206,135,109,40
2021,3,A,골목상권,1000187,서울시립대로16길,42,14,28,0,4,12,6,12,8,0,2,6,2,3,1,0,2,6,4,9,7
2021,3,D,발달상권,1001209,서울시청,9257,4890,4367,11,2138,2836,2456,1273,543,3,774,1391,1483,854,385,8,1364,1445,973,419,158
2021,3,D,발달상권,1001189,서울 중구 명동역,3595,1952,1643,8,546,1084,980,656,321,5,233,628,546,375,165,3,313,456,434,281,156
2021,3,D,발달상권,1001211,동대문시장_1,1663,493,1170,0,424,687,250,238,64,0,78,200,109,70,36,0,346,487,141,168,28
2021,3,D,발달상권,1001143,서울 용산구 신용산역,979,675,304,1,135,259,255,238,91,1,68,168,196,167,75,0,67,91,59,71,16
2021,3,A,골목상권,1000115,아차산로5길,1871,1041,830,5,260,467,477,335,327,4,128,268,296,184,161,1,132,199,181,151,166
2021,3,A,골목상권,1000143,동일로24길,42,32,10,0,2,3,18,10,9,0,1,0,18,8,5,0,1,3,0,2,4
2021,3,A,골목상권,1000147,뚝섬로54길,948,798,150,9,327,243,206,105,58,7,289,216,161,78,47,2,38,27,45,27,11
2021,3,A,골목상권,1000233,동일로139가길,187,81,106,1,26,31,50,48,31,1,7,10,22,20,21,0,19,21,28,28,10
2021,3,A,골목상권,1000152,아차산로51길,432,110,322,1,52,89,175,86,29,1,11,11,38,33,16,0,41,78,137,53,13
2021,3,R,전통시장,1001303,신성골목시장,19,6,13,0,2,5,7,4,1,0,0,1,2,2,1,0,2,4,5,2,0
2021,3,A,골목상권,1000132,광나루로52길,649,395,254,1,113,132,124,103,176,0,62,97,94,52,90,1,51,35,30,51,86
2021,3,A,골목상권,1000146,뚝섬로48길,228,134,94,2,32,58,61,52,23,2,20,31,36,28,17,0,12,27,25,24,6
2021,3,R,전통시장,1001329,동부골목시장,179,59,120,1,20,41,38,44,35,0,1,8,7,22,21,1,19,33,31,22,14
2021,3,A,골목상권,1000313,화랑로32길,395,292,103,3,53,133,115,66,25,0,20,105,91,53,23,3,33,28,24,13,2
2021,3,R,전통시장,1001356,수유중앙시장,13,8,5,0,0,2,1,1,9,0,0,1,1,0,6,0,0,1,0,1,3
2021,3,A,골목상권,1000257,용마산로112길,114,69,45,0,14,22,23,29,26,0,8,11,13,20,17,0,6,11,10,9,9
2021,3,A,골목상권,1000224,겸재로54길,131,79,52,0,12,22,35,32,30,0,9,18,15,19,18,0,3,4,20,13,12
2021,3,A,골목상권,1000236,동일로149길,870,749,121,0,174,268,189,223,16,0,134,228,162,211,14,0,40,40,27,12,2
2021,3,A,골목상권,1000245,면목로49길,109,67,42,3,14,23,28,27,14,0,5,17,15,20,10,3,9,6,13,7,4
2021,3,A,골목상권,1000289,인촌로17가길,90,48,42,0,17,21,21,26,5,0,4,13,11,16,4,0,13,8,10,10,1
2021,3,A,골목상권,1000923,삼성로75길,1814,1262,552,8,320,479,441,343,223,5,160,325,335,253,184,3,160,154,106,90,39
2021,3,A,골목상권,1000290,인촌로1길,127,78,49,0,15,45,34,22,11,0,5,29,24,13,7,0,10,16,10,9,4
2021,3,R,전통시장,1001351,솔샘시장,73,30,43,1,7,19,25,18,3,0,3,4,12,8,3,1,4,15,13,10,0
2021,3,A,골목상권,1000311,화랑로19길,43,19,24,0,2,8,16,11,6,0,1,3,7,4,4,0,1,5,9,7,2
2021,3,A,골목상권,1000297,정릉로26길,214,103,111,0,31,50,73,45,15,0,16,33,32,15,7,0,15,17,41,30,8
2021,3,A,골목상권,1000719,양평로19길,748,436,312,0,120,147,190,201,90,0,57,86,114,115,64,0,63,61,76,86,26
2021,3,A,골목상권,1000309,화랑로13길,267,95,172,0,37,41,51,78,60,0,14,23,22,20,16,0,23,18,29,58,44
2021,3,D,발달상권,1001251,서울 강북구 미아삼거리역_1,140,86,54,0,25,28,28,31,28,0,10,16,20,18,22,0,15,12,8,13,6
2021,3,A,골목상권,1000634,구로중앙로28길,470,226,244,0,60,87,127,137,59,0,28,38,62,67,31,0,32,49,65,70,28
2021,3,A,골목상권,1000633,구로중앙로19길,666,398,268,1,132,256,164,77,36,0,39,154,115,60,30,1,93,102,49,17,6
2021,3,A,골목상권,1000735,국사봉길,138,79,59,0,6,30,44,35,23,0,2,15,20,25,17,0,4,15,24,10,6
2021,3,A,골목상권,1000674,시흥대로150길,421,278,143,1,82,92,94,83,69,0,43,62,70,53,50,1,39,30,24,30,19
2021,3,A,골목상권,1000679,시흥대로63길,1016,542,474,7,306,377,196,85,45,2,149,224,92,49,26,5,157,153,104,36,19
2021,3,A,골목상권,1000760,상도로61길,187,67,120,0,10,51,57,46,23,0,2,14,22,11,18,0,8,37,35,35,5
2021,3,R,전통시장,1001446,성대시장,141,55,86,0,13,25,36,47,20,0,3,10,13,17,12,0,10,15,23,30,8
2021,3,A,골목상권,1000769,양녕로26길,92,49,43,1,17,13,20,24,17,0,5,6,12,13,13,1,12,7,8,11,4
2021,3,A,골목상권,1000747,사당로16가길,237,147,90,1,39,74,56,36,31,0,19,41,34,26,27,1,20,33,22,10,4
2021,3,A,골목상권,1000774,여의대방로46길,1238,733,505,4,179,331,335,206,183,3,100,220,200,110,100,1,79,111,135,96,83
2021,3,A,골목상권,1000768,신대방길,191,90,101,0,23,50,60,30,28,0,6,17,30,18,19,0,17,33,30,12,9
2021,3,D,발달상권,1001048,뱅뱅사거리,7114,4891,2223,10,2469,2239,1346,623,427,1,1628,1518,1004,443,297,9,841,721,342,180,130
2021,3,A,골목상권,1000855,동광로39길,1227,825,402,6,179,328,402,245,67,2,82,208,299,185,49,4,97,120,103,60,18
2021,3,A,골목상권,1000874,서초대로8길,2598,644,1954,8,633,729,658,355,215,0,150,169,122,99,104,8,483,560,536,256,111
2021,3,D,발달상권,1001043,동작구 총신대입구역_2,1633,741,892,7,182,310,326,418,390,5,69,155,176,153,183,2,113,155,150,265,207
2021,3,A,골목상권,1000870,서초대로23길,2098,1239,859,3,439,633,477,297,249,2,200,388,311,176,162,1,239,245,166,121,87
2021,3,A,골목상권,1000853,동광로12길,1237,610,627,2,368,326,260,182,99,0,123,167,133,115,72,2,245,159,127,67,27
2021,3,A,골목상권,1000887,강남대로136길,5070,3655,1415,10,1201,1935,1121,614,189,6,702,1417,905,490,135,4,499,518,216,124,54
2021,3,D,발달상권,1001029,양재역_1,515,305,210,23,75,151,116,89,61,14,33,97,72,58,31,9,42,54,44,31,30
2021,3,D,발달상권,1001115,서울 강남구 강남구청역_2,3172,1916,1256,17,885,955,754,304,257,3,319,582,574,229,209,14,566,373,180,75,48
2021,3,A,골목상권,1000936,학동로38길,1862,891,971,5,531,646,410,176,94,1,131,304,246,137,72,4,400,342,164,39,22
2021,3,D,발달상권,1001066,서울 강남구 강남역,27566,14310,13256,74,6880,9161,6519,3589,1343,29,2550,4819,3924,2047,941,45,4330,4342,2595,1542,402
2021,3,A,골목상권,1000025,통일로12길,13,6,7,0,2,3,3,3,2,0,1,1,1,2,1,0,1,2,2,1,1
2021,3,A,골목상권,1000278,삼선교로10길,186,110,76,2,15,35,53,49,32,0,10,17,26,33,24,2,5,18,27,16,8
2021,3,A,골목상권,1000321,도봉로18길,225,182,43,5,7,27,53,67,66,5,2,19,39,55,62,0,5,8,14,12,4
2021,3,A,골목상권,1000211,천호대로45길,47,38,9,0,1,13,20,8,5,0,0,11,17,6,4,0,1,2,3,2,1
2021,3,A,골목상권,1000371,방학로5길,124,87,37,0,13,21,38,33,19,0,7,16,28,23,13,0,6,5,10,10,6
2021,3,A,골목상권,1000943,백제고분로21길,483,309,174,0,64,145,121,93,60,0,29,93,78,66,43,0,35,52,43,27,17
2021,3,R,전통시장,1001479,석촌시장,286,99,187,0,31,57,96,57,45,0,9,12,32,20,26,0,22,45,64,37,19
2021,3,A,골목상권,1000979,상암로4길,232,147,85,0,18,61,69,50,34,0,9,45,42,25,26,0,9,16,27,25,8
2021,3,R,전통시장,1001482,고덕전통시장,935,850,85,0,8,37,165,395,330,0,4,31,147,360,308,0,4,6,18,35,22
2021,3,A,골목상권,1000989,양재대로133길,189,122,67,0,13,43,54,56,23,0,8,31,30,37,16,0,5,12,24,19,7
2021,3,A,골목상권,1000993,올림픽로48길,1847,1272,575,29,211,407,407,305,488,11,109,287,286,214,365,18,102,120,121,91,123
2021,3,A,골목상권,1001009,천호옛길,420,288,132,0,84,94,82,78,82,0,58,67,57,45,61,0,26,27,25,33,21
2021,3,A,골목상권,1000999,진황도로27길,298,174,124,1,41,80,72,67,37,1,17,42,47,39,28,0,24,38,25,28,9
2021,3,R,전통시장,1001483,암사종합시장,95,53,42,0,8,18,33,20,16,0,4,9,18,10,12,0,4,9,15,10,4
2021,3,R,전통시장,1001490,길동복조리시장,430,242,188,4,47,66,97,133,83,2,21,39,59,74,47,2,26,27,38,59,36
2021,3,R,전통시장,1001486,동서울시장,5,3,2,0,0,0,1,1,3,0,0,0,0,1,2,0,0,0,1,0,1
2021,3,A,골목상권,1000987,양재대로116길,75,41,34,0,5,14,16,12,28,0,2,5,9,8,17,0,3,9,7,4,11
2021,3,R,전통시장,1001293,보광시장,31,12,19,0,0,6,10,13,2,0,0,3,4,4,1,0,0,3,6,9,1
2021,3,A,골목상권,1000131,광나루로40길,242,128,114,0,44,44,67,56,31,0,14,18,34,35,27,0,30,26,33,21,4
2021,3,A,골목상권,1000275,보문로26길,134,62,72,0,19,23,41,32,19,0,2,9,18,18,15,0,17,14,23,14,4
2021,3,R,전통시장,1001331,면목골목시장,45,21,24,0,1,3,15,20,6,0,1,2,8,6,4,0,0,1,7,14,2
2021,3,D,발달상권,1001243,서울 성북구 안암역,59,28,31,1,12,16,12,8,10,0,5,9,7,2,5,1,7,7,5,6,5
2021,3,A,골목상권,1000345,인수봉로79길,242,153,89,0,40,74,66,41,21,0,21,60,45,14,13,0,19,14,21,27,8
2021,3,A,골목상권,1000504,월드컵로8길,939,462,477,2,149,198,218,198,174,1,60,93,106,107,95,1,89,105,112,91,79
2021,3,A,골목상권,1000437,명지대길,107,58,49,0,16,26,19,31,15,0,7,16,7,17,11,0,9,10,12,14,4
2021,3,A,골목상권,1000489,신촌로28가길,59,19,40,0,17,15,10,11,6,0,2,3,3,7,4,0,15,12,7,4,2
2021,3,A,골목상권,1000095,마조로16길,155,93,62,0,19,29,35,46,26,0,5,17,19,33,19,0,14,12,16,13,7
2021,3,A,골목상권,1000161,자양로45길,448,184,264,1,67,86,153,110,31,0,20,45,60,42,17,1,47,41,93,68,14
2021,3,R,전통시장,1001364,방학동도깨비시장,39,16,23,0,2,6,12,12,7,0,0,1,5,8,2,0,2,5,7,4,5
2021,3,D,발달상권,1001212,서대문구 서대문역_1,99,67,32,1,10,20,24,28,16,1,4,10,17,19,16,0,6,10,7,9,0
2021,3,A,골목상권,1000167,천호대로129길,344,207,137,0,37,51,84,93,79,0,18,35,51,47,56,0,19,16,33,46,23
2021,3,D,발달상권,1001162,서울 광진구 건대입구역_1,109,52,57,0,8,18,29,24,30,0,2,6,12,10,22,0,6,12,17,14,8
2021,3,R,전통시장,1001297,뚝도시장,45,17,28,1,3,10,9,11,11,0,0,2,4,5,6,1,3,8,5,6,5
2021,3,A,골목상권,1000106,성덕정17길,393,244,149,4,59,82,82,93,73,4,36,55,51,53,45,0,23,27,31,40,28
2021,3,D,발달상권,1001158,당산역_2,1429,1069,360,0,119,167,235,300,608,0,81,117,157,228,486,0,38,50,78,72,122
2021,3,A,골목상권,1000808,법원단지9길,163,102,61,0,19,35,33,49,27,0,7,25,19,31,20,0,12,10,14,18,7
2021,3,A,골목상권,1000083,한강대로88길,224,138,86,0,26,67,46,49,36,0,23,63,25,14,13,0,3,4,21,35,23
2021,3,A,골목상권,1000129,광나루로36길,412,169,243,1,56,102,103,110,40,1,18,45,41,33,31,0,38,57,62,77,9
2021,3,D,발달상권,1001188,장충동 족발거리,2100,985,1115,12,557,716,521,206,88,0,101,354,339,143,48,12,456,362,182,63,40
2021,3,R,전통시장,1001292,이태원제일시장,2,1,1,0,0,0,0,2,0,0,0,0,0,1,0,0,0,0,0,1,0
2021,3,R,전통시장,1001285,합동(새벽)시장,365,209,156,0,60,153,107,41,4,0,15,80,74,38,2,0,45,73,33,3,2
2021,3,A,골목상권,1000116,왕십리로14길,997,776,221,0,81,112,200,271,333,0,33,77,137,226,303,0,48,35,63,45,30
2021,3,R,전통시장,1001330,동원시장,224,109,115,0,24,37,49,82,32,0,11,17,21,38,22,0,13,20,28,44,10
2021,3,A,골목상권,1000972,구천면로41길,442,228,214,1,48,119,113,117,44,1,19,57,64,61,26,0,29,62,49,56,18
2021,3,A,골목상권,1001007,천호대로219길,486,338,148,0,35,87,127,145,92,0,23,57,92,100,66,0,12,30,35,45,26
2021,3,A,골목상권,1000016,자하문로7길,214,83,131,0,23,52,68,38,33,0,8,18,23,13,21,0,15,34,45,25,12
2021,3,A,골목상권,1000981,상암로5길,271,99,172,0,39,43,66,57,66,0,6,14,29,25,25,0,33,29,37,32,41
2021,3,D,발달상권,1001157,서울 강동구 천호역_1,138,57,81,0,30,22,27,29,30,0,9,9,7,16,16,0,21,13,20,13,14
2021,3,A,골목상권,1000991,양재대로95길,602,324,278,6,56,119,122,168,131,5,30,81,75,69,64,1,26,38,47,99,67
2021,3,A,골목상권,1000994,올림픽로71길,184,101,83,3,18,51,45,42,25,2,10,23,26,24,16,1,8,28,19,18,9
2021,3,A,골목상권,1000044,퇴계로12길,180,103,77,0,26,35,37,28,54,0,11,20,24,16,32,0,15,15,13,12,22
2021,3,A,골목상권,1000037,동호로20길,2429,1304,1125,3,321,667,667,599,172,2,111,288,353,409,141,1,210,379,314,190,31
2021,3,A,골목상권,1000087,후암로28길,582,313,269,3,107,137,150,121,64,3,29,80,94,63,44,0,78,57,56,58,20
2021,3,A,골목상권,1000067,원효로53길,341,222,119,7,30,72,85,86,61,6,16,51,61,50,38,1,14,21,24,36,23
2021,3,A,골목상권,1000234,동일로139길,77,53,24,0,5,9,21,31,11,0,5,7,10,21,10,0,0,2,11,10,1
2021,3,A,골목상권,1000133,긴고랑로20길,174,98,76,0,12,32,57,43,30,0,5,18,31,23,21,0,7,14,26,20,9
2021,3,A,골목상권,1000130,광나루로37길,60,29,31,0,8,17,22,11,2,0,0,9,14,4,2,0,8,8,8,7,0
2021,3,A,골목상권,1000072,장문로45길,242,106,136,0,23,76,58,39,46,0,2,34,16,19,35,0,21,42,42,20,11
2021,3,A,골목상권,1000469,동교로27길,1172,795,377,4,193,262,253,244,216,3,73,157,165,200,197,1,120,105,88,44,19
2021,3,A,골목상권,1000018,종로58가길,137,71,66,0,28,27,35,24,23,0,3,14,19,18,17,0,25,13,16,6,6
2021,3,A,골목상권,1000694,대림로31길,454,281,173,2,42,101,119,110,80,1,22,66,69,67,56,1,20,35,50,43,24
2021,3,A,골목상권,1000797,남부순환로161길,347,223,124,1,45,78,77,90,56,1,22,50,54,55,41,0,23,28,23,35,15
2021,3,A,골목상권,1000787,국회단지길,1430,396,1034,9,229,316,339,460,77,0,41,118,114,96,27,9,188,198,225,364,50
2021,3,D,발달상권,1001166,서울 마포구 마포역_2,10151,6130,4021,11,1542,2551,2393,1998,1656,9,766,1512,1639,1200,1004,2,776,1039,754,798,652
2021,3,A,골목상권,1000221,휘경로3길,127,69,58,0,23,32,28,28,16,0,9,13,17,20,10,0,14,19,11,8,6
2021,3,D,발달상권,1001149,한남오거리,823,524,299,3,163,333,191,82,51,2,70,214,145,55,38,1,93,119,46,27,13
2021,3,D,발달상권,1001218,동대문시장_2,195,123,72,0,13,23,36,60,63,0,4,10,23,36,50,0,9,13,13,24,13
2021,3,D,발달상권,1001187,한양시장,55,30,25,0,6,10,13,13,13,0,4,6,4,9,7,0,2,4,9,4,6
2021,3,A,골목상권,1000117,왕십리로21길,164,77,87,0,34,34,27,32,37,0,11,17,11,14,24,0,23,17,16,18,13
2021,3,A,골목상권,1000166,천호대로123길,625,282,343,2,51,92,152,199,129,1,13,41,65,85,77,1,38,51,87,114,52
2021,3,A,골목상권,1000932,영동대로65길,1175,692,483,5,194,324,291,219,142,2,85,192,189,126,98,3,109,132,102,93,44
2021,3,A,골목상권,1000141,능동로4길,947,834,113,0,110,253,308,254,22,0,94,221,268,234,17,0,16,32,40,20,5
2021,3,D,발달상권,1001183,서울 마포구 홍대입구역_2,977,535,442,8,181,277,206,148,157,4,65,145,126,97,98,4,116,132,80,51,59
2021,3,D,발달상권,1001151,용산 전자상가_3,1752,1311,441,5,270,605,510,253,109,2,167,447,399,202,94,3,103,158,111,51,15
2021,3,A,골목상권,1000145,뚝섬로24길,111,66,45,0,8,12,28,22,41,0,3,5,17,10,31,0,5,7,11,12,10
2021,3,D,발달상권,1001200,북창동,5197,3160,2037,24,1010,1611,1149,767,636,2,391,936,852,543,436,22,619,675,297,224,200
2021,3,R,전통시장,1001286,후암시장,15,14,1,0,1,1,1,4,8,0,1,1,1,3,8,0,0,0,0,1,0
2021,3,D,발달상권,1001082,선릉역_2,26260,16412,9848,126,4246,8056,7407,4252,2173,12,1820,4971,5188,3102,1319,114,2426,3085,2219,1150,854
2021,3,A,골목상권,1000728,영등포로35길,340,192,148,1,27,80,71,65,96,1,15,45,46,36,49,0,12,35,25,29,47
2021,3,D,발달상권,1001204,서울 중구 을지로3가역_1,4549,2258,2291,9,524,1204,1241,954,617,1,136,510,617,589,405,8,388,694,624,365,212
2021,3,A,골목상권,1000136,긴고랑로9길,138,51,87,1,18,30,46,34,9,0,2,9,16,19,5,1,16,21,30,15,4
2021,3,A,골목상권,1000048,퇴계로8길,438,246,192,0,58,114,140,73,53,0,19,62,84,43,38,0,39,52,56,30,15
2021,3,D,발달상권,1001207,서울 중구 신당역_2,939,534,405,8,164,218,215,172,162,2,71,121,118,114,108,6,93,97,97,58,54
2021,3,A,골목상권,1000039,명동길,7830,4550,3280,27,1990,2892,1763,922,236,7,795,1677,1196,704,171,20,1195,1215,567,218,65
2021,3,A,골목상권,1000046,퇴계로46길,1098,613,485,12,198,288,308,187,105,7,95,148,154,129,80,5,103,140,154,58,25
2021,3,R,전통시장,1001281,청평화시장,120,50,70,1,18,26,31,29,15,1,9,13,5,15,7,0,9,13,26,14,8
2021,3,D,발달상권,1001176,서울 중구 약수역_1,24,6,18,0,2,3,6,4,9,0,0,0,3,0,3,0,2,3,3,4,6
2021,3,A,골목상권,1000069,이촌로22길,385,307,78,0,38,71,113,138,25,0,21,48,99,124,15,0,17,23,14,14,10
2021,3,R,전통시장,1001291,이태원시장,32,20,12,0,18,3,4,6,1,0,12,1,3,3,1,0,6,2,1,3,0
2021,3,A,골목상권,1000090,금호산길,159,83,76,0,22,32,46,32,27,0,6,17,22,19,19,0,16,15,24,13,8
2021,3,A,골목상권,1000127,광나루로12길,60,19,41,0,6,9,10,25,10,0,3,3,6,3,4,0,3,6,4,22,6
2021,3,A,골목상권,1000091,둘레9길,419,255,164,0,43,96,121,97,62,0,27,48,63,69,48,0,16,48,58,28,14
2021,3,A,골목상권,1000121,용답29길,537,360,177,0,89,181,150,76,41,0,48,107,118,54,33,0,41,74,32,22,8
2021,3,A,골목상권,1000160,자양로26길,141,91,50,0,10,30,45,28,28,0,6,18,29,15,23,0,4,12,16,13,5
2021,3,A,골목상권,1000150,면목로17길,230,138,92,0,35,45,62,39,49,0,21,24,34,25,34,0,14,21,28,14,15
2021,3,D,발달상권,1001152,서울 광진구 강변역,1337,859,478,4,265,348,335,234,151,1,114,246,250,153,95,3,151,102,85,81,56
2021,3,A,골목상권,1000158,자양로11길,646,250,396,0,172,118,124,144,88,0,40,33,46,78,53,0,132,85,78,66,35
2021,3,R,전통시장,1001307,능동로골목시장,56,42,14,0,1,5,4,7,39,0,1,1,4,2,34,0,0,4,0,5,5
2021,3,R,전통시장,1001305,자양종합시장,14,10,4,0,0,1,6,6,1,0,0,1,4,4,1,0,0,0,2,2,0
2021,3,R,전통시장,1001309,조양시장,31,19,12,0,11,7,8,5,0,0,6,5,4,4,0,0,5,2,4,1,0
2021,3,A,골목상권,1000301,종암로19길,18269,9427,8842,55,1383,4740,6784,5244,63,12,579,1557,3005,4219,55,43,804,3183,3779,1025,8
2021,3,A,골목상권,1000256,용마산로100길,122,52,70,0,31,16,29,29,17,0,7,6,13,15,11,0,24,10,16,14,6
2021,3,A,골목상권,1000244,면목로48길,873,544,329,0,101,145,169,221,237,0,39,75,84,162,184,0,62,70,85,59,53
2021,3,R,전통시장,1001343,장위전통시장,40,20,20,0,5,6,7,8,14,0,0,2,5,5,8,0,5,4,2,3,6
2021,3,A,골목상권,1000291,개운사길,150,83,67,0,15,21,46,46,22,0,9,15,24,22,13,0,6,6,22,24,9
2021,3,A,골목상권,1000295,장월로1길,74,19,55,2,18,14,17,13,10,0,3,2,6,4,4,2,15,12,11,9,6
2021,3,A,골목상권,1000454,통일로37길,611,407,204,1,30,68,177,275,60,0,10,48,111,184,54,1,20,20,66,91,6
2021,3,A,골목상권,1000298,정릉로27길,75,30,45,0,8,13,22,22,10,0,1,8,8,8,5,0,7,5,14,14,5
2021,3,A,골목상권,1000700,도림로147길,334,255,79,0,24,50,87,113,60,0,17,37,62,90,49,0,7,13,25,23,11
2021,3,D,발달상권,1001229,서울 종로구 종로5가역_4,1358,810,548,3,156,480,430,197,92,0,52,247,281,156,74,3,104,233,149,41,18
2021,3,A,골목상권,1000263,돌곶이로22길,61,34,27,0,6,12,14,22,7,0,1,6,10,12,5,0,5,6,4,10,2
2021,3,R,전통시장,1001347,석관황금시장,191,157,34,0,30,36,41,72,12,0,28,26,29,62,12,0,2,10,12,10,0
2021,3,A,골목상권,1000346,한천로109길,439,280,159,5,44,64,86,156,84,4,15,37,50,107,67,1,29,27,36,49,17
2021,3,A,골목상권,1000017,종로24길,1011,716,295,2,92,196,264,245,212,1,63,130,184,177,161,1,29,66,80,68,51
2021,3,A,골목상권,1000342,오패산로67길,238,89,149,0,27,43,50,58,60,0,7,15,22,16,29,0,20,28,28,42,31
2021,3,A,골목상권,1000462,도화길,56,32,24,0,5,10,10,14,17,0,2,7,5,7,11,0,3,3,5,7,6
2021,3,A,골목상권,1000472,마포대로20길,483,258,225,1,58,94,114,110,106,0,27,60,58,55,58,1,31,34,56,55,48
2021,3,A,골목상권,1000731,영등포로84길,1933,673,1260,4,390,476,417,406,240,0,80,202,146,139,106,4,310,274,271,267,134
2021,3,A,골목상권,1000712,선유서로25길,1697,1284,413,1,160,357,408,405,366,0,86,290,333,301,274,1,74,67,75,104,92
2021,3,A,골목상권,1000699,도림로112길,30,19,11,0,3,2,11,9,5,0,3,1,7,3,5,0,0,1,4,6,0
2021,3,A,골목상권,1000716,신길로42가길,210,90,120,0,28,42,60,55,25,0,11,22,17,21,19,0,17,20,43,34,6
2021,3,A,골목상권,1000824,양녕로6길,205,124,81,0,26,50,44,46,39,0,12,27,30,29,26,0,14,23,14,17,13
2021,3,A,골목상권,1000803,남현길,117,28,89,0,14,19,24,32,28,0,4,6,14,2,2,0,10,13,10,30,26
2021,3,R,전통시장,1001457,봉천중앙시장,154,42,112,0,17,13,29,46,49,0,5,7,14,14,2,0,12,6,15,32,47
2021,3,D,발달상권,1001046,서울 관악구 신림역_4,332,165,167,0,34,58,100,77,63,0,8,27,59,29,42,0,26,31,41,48,21
2021,3,D,발달상권,1001040,서울 관악구 신림역_3,77,20,57,1,25,8,10,17,16,0,4,2,5,4,5,1,21,6,5,13,11
2021,3,R,전통시장,1001463,신림중앙시장,43,27,16,0,1,2,14,12,14,0,0,2,7,9,9,0,1,0,7,3,5
2021,3,A,골목상권,1000790,난곡로26길,120,85,35,0,18,19,29,45,9,0,11,15,20,30,9,0,7,4,9,15,0
2021,3,A,골목상권,1000809,법원단지길,16,5,11,0,0,1,7,6,2,0,0,0,0,3,2,0,0,1,7,3,0
2021,3,A,골목상권,1000902,논현로63길,2139,1352,787,8,401,563,537,376,254,1,182,354,380,255,180,7,219,209,157,121,74
2021,3,A,골목상권,1000384,상계로9가길,151,82,69,0,17,33,49,29,23,0,7,24,22,15,14,0,10,9,27,14,9
2021,3,A,골목상권,1000893,남부순환로365길,691,445,246,1,93,172,166,160,99,1,48,90,110,117,79,0,45,82,56,43,20
2021,3,A,골목상권,1000189,서울시립대로4길,404,264,140,3,83,95,79,87,57,3,57,62,45,57,40,0,26,33,34,30,17
2021,3,D,발달상권,1001103,코엑스,15904,8904,7000,59,3513,6185,4248,1596,303,25,1160,3361,2887,1246,225,34,2353,2824,1361,350,78
2021,3,A,골목상권,1000919,삼성로57길,3231,1896,1335,9,676,979,832,548,187,4,213,563,544,426,146,5,463,416,288,122,41
2021,3,A,골목상권,1000176,답십리로68길,287,158,129,0,31,65,60,81,50,0,14,32,36,40,36,0,17,33,24,41,14
2021,3,D,발달상권,1001052,뱅뱅사거리_2,12301,8384,3917,28,1846,3682,3450,2298,997,12,882,2414,2595,1653,828,16,964,1268,855,645,169
2021,3,R,전통시장,1001404,신정제일시장,38,21,17,0,8,9,10,7,4,0,3,5,6,4,3,0,5,4,4,3,1
2021,3,R,전통시장,1001365,공릉동도깨비시장,98,47,51,0,12,22,23,25,16,0,4,8,9,15,11,0,8,14,14,10,5
2021,3,R,전통시장,1001399,경창시장,53,23,30,0,2,5,12,16,18,0,1,1,5,9,7,0,1,4,7,7,11
2021,3,A,골목상권,1000171,답십리로23길,47,22,25,0,4,7,17,11,8,0,2,4,6,5,5,0,2,3,11,6,3
2021,3,D,발달상권,1001235,서울 종로구 안국역_1,8804,7324,1480,4,816,3152,2766,1683,383,4,540,2585,2359,1526,310,0,276,567,407,157,73
2021,3,R,전통시장,1001312,용두시장,4,2,2,0,0,0,1,2,1,0,0,0,0,1,1,0,0,0,1,1,0
2021,3,R,전통시장,1001269,동문시장,3,1,2,0,0,2,0,0,1,0,0,0,0,0,1,0,0,2,0,0,0
2021,3,A,골목상권,1000382,상계로12길,144,90,54,0,18,20,31,48,27,0,10,12,15,31,22,0,8,8,16,17,5
2021,3,D,발달상권,1001055,서울 서초구 서초역,1858,988,870,4,248,518,513,399,176,4,115,275,264,180,150,0,133,243,249,219,26
2021,3,A,골목상권,1000030,다산로33길,320,201,119,0,68,80,79,57,36,0,35,56,53,30,27,0,33,24,26,27,9
2021,3,D,발달상권,1001185,서울 서대문구 신촌역,924,404,520,6,192,225,217,183,101,4,71,88,100,86,55,2,121,137,117,97,46
2021,3,D,발달상권,1001144,국회의사당역_2,19439,11619,7820,54,4443,6681,4812,2304,1145,21,2014,3953,3277,1552,802,33,2429,2728,1535,752,343
2021,3,A,골목상권,1000714,신길로17길,676,289,387,0,68,156,269,145,38,0,40,67,78,68,36,0,28,89,191,77,2
2021,3,R,전통시장,1001271,동묘시장,474,223,251,5,158,102,93,73,43,5,44,36,58,44,36,0,114,66,35,29,7
2021,3,D,발달상권,1001231,서울 동대문구 신설동역_2,5440,2247,3193,4,641,1009,1217,1538,1031,1,213,526,677,473,357,3,428,483,540,1065,674
2021,3,A,골목상권,1000400,연서로13길,218,135,83,2,46,49,28,49,44,0,32,26,15,30,32,2,14,23,13,19,12
2021,3,A,골목상권,1000510,곰달래로3길,313,213,100,3,40,72,82,77,39,2,29,55,55,46,26,1,11,17,27,31,13
2021,3,A,골목상권,1000432,통일로78길,172,60,112,0,20,38,50,40,24,0,4,12,17,15,12,0,16,26,33,25,12
2021,3,A,골목상권,1000403,연서로21길,684,486,198,0,35,128,167,156,198,0,15,98,107,106,160,0,20,30,60,50,38
2021,3,A,골목상권,1000517,남부순환로88길,328,124,204,2,33,45,72,109,67,0,8,27,30,34,25,2,25,18,42,75,42
2021,3,A,골목상권,1000417,응암로12길,67,32,35,0,13,17,17,16,4,0,3,7,8,10,4,0,10,10,9,6,0
2021,3,R,전통시장,1001374,대림골목시장,237,46,191,0,24,52,59,69,33,0,1,10,8,16,11,0,23,42,51,53,22
2021,3,D,발달상권,1001141,압구정 로데오거리_2,7107,2323,4784,30,2589,2387,1207,556,338,8,550,816,479,272,198,22,2039,1571,728,284,140
2021,3,A,골목상권,1000409,연서로3길,119,51,68,1,9,27,36,29,17,0,2,12,14,15,8,1,7,15,22,14,9
2021,3,A,골목상권,1000216,한천로40길,90,57,33,0,9,9,17,37,18,0,4,6,9,24,14,0,5,3,8,13,4
2021,3,D,발달상권,1001174,등촌역,64,37,27,0,5,11,6,12,30,0,1,6,5,5,20,0,4,5,1,7,10
2021,3,A,골목상권,1000524,목동중앙로13나길,346,248,98,0,40,53,73,94,86,0,23,41,57,80,47,0,17,12,16,14,39
2021,3,A,골목상권,1000639,남부순환로97길,101,48,53,0,4,14,29,38,16,0,1,5,11,18,13,0,3,9,18,20,3
2021,3,A,골목상권,1000002,난계로27길,201,114,87,1,18,42,61,40,39,0,6,24,33,24,27,1,12,18,28,16,12
2021,3,R,전통시장,1001402,신월6동골목시장,141,103,38,1,17,36,39,32,16,0,10,27,33,18,15,1,7,9,6,14,1
2021,3,A,골목상권,1000886,강남대로118길,218,91,127,0,19,47,65,43,44,0,1,15,37,16,22,0,18,32,28,27,22
2021,3,A,골목상권,1000875,신반포로45길,1192,625,567,5,182,294,295,217,199,5,62,146,179,116,117,0,120,148,116,101,82
2021,3,A,골목상권,1000532,신목로5길,645,416,229,2,82,160,183,145,73,0,45,108,131,83,49,2,37,52,52,62,24
2021,3,A,골목상권,1000568,개화동로25길,351,201,150,0,71,149,58,41,32,0,29,86,45,22,19,0,42,63,13,19,13
2021,3,D,발달상권,1001038,구로디지탈1단지,43655,28446,15209,166,9236,14856,11064,5205,3128,106,4581,9785,7775,3647,2552,60,4655,5071,3289,1558,576
2021,3,A,골목상권,1000589,방화대로21길,390,243,147,6,46,78,105,96,59,0,17,50,73,64,39,6,29,28,32,32,20
2021,3,A,골목상권,1000592,양천로24가길,207,113,94,2,21,35,62,49,38,2,8,16,35,25,27,0,13,19,27,24,11
2021,3,A,골목상권,1000174,답십리로63길,1747,1051,696,39,1368,283,39,14,4,23,781,204,32,7,4,16,587,79,7,7,0
2021,3,R,전통시장,1001410,대원종합시장,9,7,2,0,0,1,0,3,5,0,0,1,0,2,4,0,0,0,0,1,1
2021,3,R,전통시장,1001412,화곡본동시장,36,16,20,0,3,5,10,13,5,0,1,3,5,6,1,0,2,2,5,7,4
2021,3,A,골목상권,1000607,화곡로59길,316,232,84,0,7,25,59,116,109,0,3,18,30,84,97,0,4,7,29,32,12
2021,3,A,골목상권,1000636,구로중앙로42길,403,284,119,3,75,112,94,78,41,3,40,75,73,58,35,0,35,37,21,20,6
2021,3,A,골목상권,1000595,양천로49길,342,232,110,0,52,71,97,88,34,0,23,53,65,67,24,0,29,18,32,21,10
2021,3,A,골목상권,1000594,양천로26길,479,377,102,0,59,114,112,108,86,0,45,83,83,87,79,0,14,31,29,21,7
2021,3,A,골목상권,1000575,공항대로42길,514,323,191,0,99,151,117,89,58,0,31,91,84,71,46,0,68,60,33,18,12
2021,3,A,골목상권,1000629,구로동로41길,119,79,40,0,15,18,42,33,11,0,12,9,29,20,9,0,3,9,13,13,2
2021,3,A,골목상권,1000645,부일로11길,281,115,166,4,38,51,67,59,62,2,14,27,29,25,18,2,24,24,38,34,44
2021,3,D,발달상권,1001021,가산디지털단지역_1,18317,12138,6179,70,3341,5565,4396,2876,2069,36,1695,3791,3237,1957,1422,34,1646,1774,1159,919,647
2021,3,A,골목상권,1000630,구로동로42길,131,75,56,0,8,21,36,39,27,0,4,15,17,18,21,0,4,6,19,21,6
2021,3,R,전통시장,1001423,독산동 우시장,611,476,135,2,31,74,126,196,182,0,16,55,97,145,163,2,15,19,29,51,19
2021,3,A,골목상권,1000616,개봉로3길,273,139,134,0,50,51,43,36,93,0,15,20,20,21,63,0,35,31,23,15,30
2021,3,A,골목상권,1000051,녹사평대로26길,494,230,264,3,187,187,67,32,18,2,55,96,49,17,11,1,132,91,18,15,7
2021,3,A,골목상권,1000118,왕십리로26길,2076,1357,719,10,306,454,471,480,355,1,118,306,356,355,221,9,188,148,115,125,134
2021,3,D,발달상권,1001190,장한평역,3644,2178,1466,29,1038,1026,646,552,353,1,444,680,421,350,282,28,594,346,225,202,71
2021,3,A,골목상권,1000249,봉우재로33길,150,59,91,1,27,29,43,29,21,0,7,10,21,10,11,1,20,19,22,19,10
2021,3,A,골목상권,1000230,동일로112길,193,120,73,0,18,29,52,46,48,0,10,10,31,32,37,0,8,19,21,14,11
2021,3,A,골목상권,1000154,아차산로65길,357,214,143,1,44,80,107,78,47,0,21,46,57,54,36,1,23,34,50,24,11
2021,3,R,전통시장,1001308,영동교골목시장,41,30,11,0,8,12,3,8,10,0,3,12,1,6,8,0,5,0,2,2,2
2021,3,A,골목상권,1000296,장위로50길,343,160,183,5,71,71,81,81,34,1,28,34,40,35,22,4,43,37,41,46,12
2021,3,A,골목상권,1000261,길음로7길,14,5,9,0,1,1,7,1,4,0,0,0,1,1,3,0,1,1,6,0,1
2021,3,R,전통시장,1001354,우이시장,69,61,8,0,7,7,19,20,16,0,6,6,17,17,15,0,1,1,2,3,1
2021,3,A,골목상권,1000341,오패산로52길,105,47,58,0,7,14,34,37,13,0,3,8,19,14,3,0,4,6,15,23,10
2021,3,R,전통시장,1001336,우림골목시장,344,118,226,2,85,71,81,68,37,0,29,11,36,22,20,2,56,60,45,46,17
2021,3,R,전통시장,1001337,유영시장,31,20,11,0,9,5,3,8,6,0,7,2,2,5,4,0,2,3,1,3,2
2021,3,A,골목상권,1000264,돌곶이로27길,103,59,44,0,12,20,26,24,21,0,4,11,17,14,13,0,8,9,9,10,8
2021,3,A,골목상권,1000305,지봉로20길,3780,3162,618,0,367,1434,708,813,458,0,254,1273,655,694,286,0,113,161,53,119,172
2021,3,A,골목상권,1000318,덕릉로40길,187,95,92,0,33,34,45,56,19,0,16,26,24,19,10,0,17,8,21,37,9
2021,3,A,골목상권,1000283,솔샘로6길,74,48,26,0,7,19,28,13,7,0,4,15,16,8,5,0,3,4,12,5,2
2021,3,D,발달상권,1001247,미아사거리_2,102,47,55,2,17,25,31,17,10,2,4,10,19,8,4,0,13,15,12,9,6
2021,3,A,골목상권,1000265,돌곶이로28길,222,96,126,0,38,36,47,59,42,0,8,19,23,21,25,0,30,17,24,38,17
2021,3,D,발달상권,1001256,서울 강북구 수유역_1,831,408,423,0,84,98,137,212,300,0,18,43,70,111,166,0,66,55,67,101,134
2021,3,A,골목상권,1000324,도봉로76길,311,138,173,0,36,29,68,76,102,0,7,12,26,33,60,0,29,17,42,43,42
2021,3,R,전통시장,1001377,영천시장,35,19,16,0,1,4,15,10,5,0,0,3,7,5,4,0,1,1,8,5,1
2021,3,A,골목상권,1000323,도봉로67길,116,57,59,1,13,16,34,35,17,0,6,7,19,16,9,1,7,9,15,19,8
2021,3,A,골목상권,1000446,응암로1길,621,380,241,4,102,134,159,150,72,1,38,73,85,125,58,3,64,61,74,25,14
2021,3,R,전통시장,1001382,백련시장,5,3,2,0,0,1,0,2,2,0,0,1,0,0,2,0,0,0,0,2,0
2021,3,R,전통시장,1001378,아현가구거리상점가,45,22,23,0,6,8,9,9,13,0,0,4,5,4,9,0,6,4,4,5,4
2021,3,A,골목상권,1000483,성미산로32길,243,172,71,2,76,80,51,20,14,2,47,62,38,13,10,0,29,18,13,7,4
2021,3,A,골목상권,1000804,당곡길,227,117,110,0,43,41,56,58,29,0,26,18,26,28,19,0,17,23,30,30,10
2021,3,A,골목상권,1000835,청림3길,167,58,109,0,43,42,32,33,17,0,8,13,16,10,11,0,35,29,16,23,6
2021,3,A,골목상권,1000499,월드컵로16길,1538,929,609,0,128,187,297,252,674,0,58,76,99,104,592,0,70,111,198,148,82
2021,3,A,골목상권,1000495,와우산로29길,78,30,48,0,20,13,13,21,11,0,2,3,7,9,9,0,18,10,6,12,2
2021,3,R,전통시장,1001385,아현시장,803,430,373,2,279,327,127,43,25,1,113,190,78,32,16,1,166,137,49,11,9
2021,3,A,골목상권,1000836,행운1길,250,151,99,0,59,67,50,55,19,0,34,29,31,40,17,0,25,38,19,15,2
2021,3,D,발달상권,1001132,영등포유통상가,1504,962,542,0,141,324,377,305,357,0,75,184,247,208,248,0,66,140,130,97,109
2021,3,A,골목상권,1000721,양평로28길,847,707,140,1,60,160,212,238,176,1,43,119,178,209,157,0,17,41,34,29,19
2021,3,D,발달상권,1001116,영등포역_1,77,27,50,0,7,10,13,24,23,0,0,5,7,9,6,0,7,5,6,15,17
2021,3,A,골목상권,1000722,여의대방로35길,197,65,132,1,27,55,49,39,26,1,8,10,15,14,17,0,19,45,34,25,9
2021,3,A,골목상권,1000686,경인로90길,282,210,72,0,36,41,47,83,75,0,13,30,32,66,69,0,23,11,15,17,6
2021,3,A,골목상권,1000816,신림로11길,284,183,101,1,37,67,71,58,50,1,17,40,50,35,40,0,20,27,21,23,10
2021,3,R,전통시장,1001433,영일시장,155,115,40,1,18,41,43,36,16,0,7,30,37,27,14,1,11,11,6,9,2
2021,3,A,골목상권,1000786,구암길,228,72,156,0,25,51,70,60,22,0,9,21,15,14,13,0,16,30,55,46,9
2021,3,A,골목상권,1000168,경희대로3길,28,16,12,0,9,4,5,4,6,0,4,3,2,3,4,0,5,1,3,1,2
2021,3,D,발달상권,1001069,은마아파트입구사거리_3,103,45,58,1,16,25,30,21,10,0,2,10,17,9,7,1,14,15,13,12,3
2021,3,D,발달상권,1001047,뱅뱅사거리_1,4820,3658,1162,22,864,1522,1100,960,352,20,516,1148,918,778,278,2,348,374,182,182,74
2021,3,D,발달상권,1001054,서울 강남구 대치역_2,1139,629,510,0,124,418,352,147,98,0,32,203,214,95,85,0,92,215,138,52,13
2021,3,U,관광특구,1001496,강남 마이스 관광특구,15904,8904,7000,59,3513,6185,4248,1596,303,25,1160,3361,2887,1246,225,34,2353,2824,1361,350,78
2021,3,D,발달상권,1001099,포스코사거리_2,16526,9641,6885,35,3383,5942,3993,2176,997,22,1593,3762,2691,1088,485,13,1790,2180,1302,1088,512
2021,3,D,발달상권,1001089,삼정역_1,2277,1123,1154,0,557,776,538,261,145,0,144,352,350,163,114,0,413,424,188,98,31
2021,3,A,골목상권,1000892,개포로82길,103,51,52,0,6,26,23,29,19,0,1,10,15,13,12,0,5,16,8,16,7
2021,3,A,골목상권,1000366,도봉로181길,93,30,63,0,13,12,35,22,11,0,1,6,11,8,4,0,12,6,24,14,7
2021,3,A,골목상권,1000381,동일로242길,302,142,160,0,9,25,50,55,163,0,7,12,33,28,62,0,2,13,17,27,101
2021,3,D,발달상권,1001261,서울 노원구 노원역_1,336,86,250,2,105,65,69,48,47,0,17,12,23,19,15,2,88,53,46,29,32
2021,3,A,골목상권,1000181,망우로21길,96,67,29,0,13,9,18,27,29,0,7,8,10,16,26,0,6,1,8,11,3
2021,3,A,골목상권,1000369,방학로10길,67,51,16,0,6,11,21,11,18,0,6,7,13,11,14,0,0,4,8,0,4
2021,3,A,골목상권,1000003,돈화문로11가길,3686,2700,986,5,474,1086,1164,697,260,0,273,731,930,546,220,5,201,355,234,151,40
2021,3,D,발달상권,1001214,종각역,10396,8086,2310,7,1633,3215,2625,2716,200,1,989,2178,2154,2582,182,6,644,1037,471,134,18
2021,3,R,전통시장,1001326,회기시장,55,17,38,0,9,14,15,12,5,0,2,3,4,6,2,0,7,11,11,6,3
2021,3,R,전통시장,1001362,백운시장,33,14,19,0,0,3,12,10,8,0,0,0,4,3,7,0,0,3,8,7,1
2021,3,A,골목상권,1000418,응암로13길,156,44,112,0,21,26,37,39,33,0,4,7,9,11,13,0,17,19,28,28,20
2021,3,A,골목상권,1000436,독립문로8길,679,422,257,2,64,107,167,236,103,2,33,60,104,147,76,0,31,47,63,89,27
2021,3,A,골목상권,1000684,경인로77길,741,512,229,1,60,174,194,178,134,1,39,118,136,109,109,0,21,56,58,69,25
2021,3,A,골목상권,1000839,호암로24길,1218,1084,134,0,243,351,373,203,48,0,204,322,342,178,38,0,39,29,31,25,10
2021,3,D,발달상권,1001169,서울 용산구 숙대입구역,3807,1436,2371,7,395,840,1369,1110,86,1,233,512,475,190,25,6,162,328,894,920,61
2021,3,A,골목상권,1000856,동산로10길,2158,1493,665,8,481,731,479,295,164,3,309,521,350,193,117,5,172,210,129,102,47
2021,3,D,발달상권,1001181,서울 광진구 군자역,621,342,279,2,92,145,187,123,72,2,34,79,101,71,55,0,58,66,86,52,17
2021,3,A,골목상권,1000538,오목로3길,375,296,79,0,17,49,68,135,106,0,5,31,48,109,103,0,12,18,20,26,3
2021,3,A,골목상권,1000413,은평로13길,655,283,372,0,59,76,149,218,153,0,22,32,67,91,71,0,37,44,82,127,82
2021,3,A,골목상권,1000711,선유서로24길,114,70,44,1,10,16,24,33,30,0,5,10,15,22,18,1,5,6,9,11,12
2021,3,A,골목상권,1000513,남부순환로40길,122,46,76,0,21,26,25,37,13,0,4,5,12,17,8,0,17,21,13,20,5
2021,3,R,전통시장,1001420,고척근린시장,55,19,36,0,2,9,18,20,6,0,0,1,3,9,6,0,2,8,15,11,0
2021,3,A,골목상권,1000337,솔매로50길,442,162,280,1,62,108,152,90,29,1,14,28,49,48,22,0,48,80,103,42,7
2021,3,A,골목상권,1000330,삼양로27길,7,4,3,0,0,1,2,1,3,0,0,1,0,0,3,0,0,0,2,1,0
2021,3,A,골목상권,1000493,양화진길,676,412,264,2,120,191,186,135,42,2,45,102,129,102,32,0,75,89,57,33,10
2021,3,R,전통시장,1001380,포방터시장,35,23,12,0,4,5,10,4,12,0,2,3,7,3,8,0,2,2,3,1,4
2021,3,A,골목상권,1000486,숭문8길,109,65,44,0,11,12,37,24,25,0,2,7,19,15,22,0,9,5,18,9,3
2021,3,A,골목상권,1000402,연서로17길,540,162,378,0,38,79,137,190,96,0,5,37,49,29,42,0,33,42,88,161,54
2021,3,A,골목상권,1000717,신길로42길,501,270,231,0,98,103,112,128,60,0,37,57,62,72,42,0,61,46,50,56,18
2021,3,R,전통시장,1001432,도림시장,6,4,2,0,0,1,4,0,1,0,0,1,3,0,0,0,0,0,1,0,1
2021,3,A,골목상권,1000729,영등포로62길,118,85,33,0,4,32,34,27,21,0,4,23,23,18,17,0,0,9,11,9,4
2021,3,R,전통시장,1001387,서교시장,24,10,14,0,2,1,7,6,8,0,0,1,2,3,4,0,2,0,5,3,4
2021,3,A,골목상권,1000726,영등포로25길,493,363,130,2,71,108,155,91,66,2,35,82,120,65,59,0,36,26,35,26,7
2021,3,A,골목상권,1000050,녹사평대로11길,107,78,29,0,23,42,27,9,6,0,12,34,18,8,6,0,11,8,9,1,0
2021,3,A,골목상권,1000184,사가정로13길,180,65,115,0,12,36,36,54,42,0,1,13,10,15,26,0,11,23,26,39,16
2021,3,A,골목상권,1000810,복은길,405,229,176,0,44,72,98,94,97,0,14,21,54,60,80,0,30,51,44,34,17
2021,3,A,골목상권,1000376,우이천로4다길,125,83,42,0,11,16,42,35,21,0,5,8,31,24,15,0,6,8,11,11,6
2021,3,A,골목상권,1000838,호암로20길,186,77,109,0,35,44,56,33,18,0,4,15,26,21,11,0,31,29,30,12,7
2021,3,R,전통시장,1001435,대신시장,12,9,3,0,1,0,5,2,4,0,1,0,3,2,3,0,0,0,2,0,1
2021,3,A,골목상권,1000232,동일로130길,130,99,31,0,6,32,44,31,17,0,2,23,35,24,15,0,4,9,9,7,2
2021,3,A,골목상권,1000238,동일로163길,112,67,45,0,9,23,28,25,27,0,1,12,24,11,19,0,8,11,4,14,8
2021,3,R,전통시장,1001335,묵1동도깨비시장,35,24,11,0,3,9,7,11,5,0,1,6,5,8,4,0,2,3,2,3,1
2021,3,D,발달상권,1001252,서울 성북구 미아삼거리역_2,322,144,178,1,42,84,83,84,28,1,12,33,37,48,13,0,30,51,46,36,15
2021,3,A,골목상권,1000306,창경궁로43길,917,434,483,17,188,284,282,98,48,8,72,126,122,66,40,9,116,158,160,32,8
2021,3,A,골목상권,1000348,한천로130길,91,69,22,0,12,25,30,17,7,0,7,23,25,11,3,0,5,2,5,6,4
2021,3,A,골목상권,1000329,삼양로24길,26,16,10,0,0,4,7,9,6,0,0,3,4,5,4,0,0,1,3,4,2
2021,3,A,골목상권,1000336,솔매로45길,65,32,33,0,4,17,14,17,13,0,2,5,6,11,8,0,2,12,8,6,5
2021,3,A,골목상권,1000325,도봉로8길,6,4,2,0,0,0,0,2,4,0,0,0,0,1,3,0,0,0,0,1,1
2021,3,A,골목상권,1000452,충정로6길,3185,1879,1306,0,221,848,1105,936,75,0,116,593,639,477,54,0,105,255,466,459,21
2021,3,D,발달상권,1001206,서대문구 서대문역_2,1486,1018,468,0,253,523,370,278,62,0,107,337,281,248,45,0,146,186,89,30,17
2021,3,A,골목상권,1000792,난곡로74길,2179,1754,425,0,360,677,754,345,43,0,175,536,674,332,37,0,185,141,80,13,6
2021,3,R,전통시장,1001462,강남골목시장,168,124,44,0,17,40,46,35,30,0,15,33,30,24,22,0,2,7,16,11,8
2021,3,R,전통시장,1001461,신림종합시장,8,7,1,0,0,0,0,2,6,0,0,0,0,1,6,0,0,0,0,1,0
2021,3,A,골목상권,1000805,대학14길,61,31,30,0,7,12,17,11,14,0,0,6,12,7,6,0,7,6,5,4,8
2021,3,A,골목상권,1000828,장군봉2길,201,115,86,0,25,43,43,50,40,0,6,18,22,35,34,0,19,25,21,15,6
2021,3,A,골목상권,1000182,무학로16길,574,441,133,8,80,156,175,110,45,2,51,134,146,75,33,6,29,22,29,35,12
2021,3,R,전통시장,1001473,청담삼익시장,48,30,18,0,5,11,13,7,12,0,3,6,8,4,9,0,2,5,5,3,3
2021,3,A,골목상권,1000937,학동로56길,2421,1533,888,6,302,458,632,781,242,3,177,282,399,477,195,3,125,176,233,304,47
2021,3,D,발달상권,1001104,삼성역_3,52277,41226,11051,128,10839,13692,14840,11637,1141,80,7221,10373,12094,10546,912,48,3618,3319,2746,1091,229
2021,4,R,전통시장,1001474,도곡시장,57,25,32,0,3,7,15,13,19,0,1,4,4,6,10,0,2,3,11,7,9
2021,4,A,골목상권,1000310,화랑로14길,99,73,26,0,7,18,25,31,18,0,6,10,15,26,16,0,1,8,10,5,2
2021,4,A,골목상권,1000495,와우산로29길,78,30,48,0,20,13,13,21,11,0,2,3,7,9,9,0,18,10,6,12,2
2021,4,A,골목상권,1000271,동소문로2길,53,21,32,1,10,6,11,16,9,1,2,3,4,5,6,0,8,3,7,11,3
2021,4,A,골목상권,1000122,용답중앙길,93,66,27,1,8,19,28,20,17,1,6,16,20,10,13,0,2,3,8,10,4
2021,4,A,골목상권,1000314,화랑로40길,71,46,25,1,10,16,19,14,11,0,7,7,10,11,11,1,3,9,9,3,0
2021,4,D,발달상권,1001118,문래동 주민센터,6184,3312,2872,22,1447,1843,1639,925,308,11,558,994,994,525,230,11,889,849,645,400,78
2021,4,A,골목상권,1000262,돌곶이로14길,77,58,19,0,5,13,11,20,28,0,4,6,8,15,25,0,1,7,3,5,3
2021,4,A,골목상권,1000708,디지털로57길,1036,639,397,0,32,53,156,225,570,0,25,36,82,138,358,0,7,17,74,87,212
2021,4,A,골목상권,1000308,한천로76길,132,100,32,0,7,7,31,47,40,0,4,5,15,39,37,0,3,2,16,8,3
2021,4,A,골목상권,1000487,숭문길,1467,1016,451,0,103,135,224,546,459,0,34,100,181,391,310,0,69,35,43,155,149
2021,4,R,전통시장,1001355,강북종합시장,23,9,14,0,1,1,7,10,4,0,1,0,2,4,2,0,0,1,5,6,2
2021,4,A,골목상권,1000459,대흥로21길,372,188,184,0,36,55,83,110,88,0,6,21,37,68,56,0,30,34,46,42,32
2021,4,A,골목상권,1000456,홍연길,79,47,32,0,7,9,26,23,14,0,4,3,17,13,10,0,3,6,9,10,4
2021,4,A,골목상권,1000203,전농로29길,461,336,125,1,55,75,140,150,40,0,36,49,104,119,28,1,19,26,36,31,12
2021,4,D,발달상권,1001206,서대문구 서대문역_2,1486,1018,468,0,253,523,370,278,62,0,107,337,281,248,45,0,146,186,89,30,17
2021,4,A,골목상권,1000322,도봉로45길,112,54,58,0,7,17,25,34,29,0,4,7,9,16,18,0,3,10,16,18,11
2021,4,A,골목상권,1000330,삼양로27길,7,4,3,0,0,1,2,1,3,0,0,1,0,0,3,0,0,0,2,1,0
2021,4,A,골목상권,1000499,월드컵로16길,1538,929,609,0,128,187,297,252,674,0,58,76,99,104,592,0,70,111,198,148,82
2021,4,A,골목상권,1000493,양화진길,676,412,264,2,120,191,186,135,42,2,45,102,129,102,32,0,75,89,57,33,10
2021,4,D,발달상권,1001163,서울 강동구 천호역_2,1208,565,643,5,142,222,290,254,295,2,49,96,115,106,197,3,93,126,175,148,98
2021,4,R,전통시장,1001380,포방터시장,35,23,12,0,4,5,10,4,12,0,2,3,7,3,8,0,2,2,3,1,4
2021,4,A,골목상권,1000350,한천로139가길,108,47,61,1,26,14,21,28,18,0,8,7,10,9,13,1,18,7,11,19,5
2021,4,A,골목상권,1000486,숭문8길,109,65,44,0,11,12,37,24,25,0,2,7,19,15,22,0,9,5,18,9,3
2021,4,A,골목상권,1000444,신촌로37길,52,25,27,0,7,7,14,12,12,0,0,4,7,8,6,0,7,3,7,4,6
2021,4,A,골목상권,1000729,영등포로62길,118,85,33,0,4,32,34,27,21,0,4,23,23,18,17,0,0,9,11,9,4
2021,4,A,골목상권,1000514,남부순환로58길,282,179,103,1,38,60,66,78,39,0,24,38,42,48,27,1,14,22,24,30,12
2021,4,R,전통시장,1001387,서교시장,24,10,14,0,2,1,7,6,8,0,0,1,2,3,4,0,2,0,5,3,4
2021,4,D,발달상권,1001081,서울 강남구 역삼역_2,19179,15530,3649,7,3451,6390,5378,3496,457,2,2121,4943,4759,3325,380,5,1330,1447,619,171,77
2021,4,A,골목상권,1000726,영등포로25길,493,363,130,2,71,108,155,91,66,2,35,82,120,65,59,0,36,26,35,26,7
2021,4,A,골목상권,1000694,대림로31길,454,281,173,2,42,101,119,110,80,1,22,66,69,67,56,1,20,35,50,43,24
2021,4,A,골목상권,1000184,사가정로13길,180,65,115,0,12,36,36,54,42,0,1,13,10,15,26,0,11,23,26,39,16
2021,4,R,전통시장,1001297,뚝도시장,45,17,28,1,3,10,9,11,11,0,0,2,4,5,6,1,3,8,5,6,5
2021,4,A,골목상권,1000810,복은길,405,229,176,0,44,72,98,94,97,0,14,21,54,60,80,0,30,51,44,34,17
2021,4,A,골목상권,1000091,둘레9길,419,255,164,0,43,96,121,97,62,0,27,48,63,69,48,0,16,48,58,28,14
2021,4,A,골목상권,1000376,우이천로4다길,125,83,42,0,11,16,42,35,21,0,5,8,31,24,15,0,6,8,11,11,6
2021,4,A,골목상권,1000418,응암로13길,156,44,112,0,21,26,37,39,33,0,4,7,9,11,13,0,17,19,28,28,20
2021,4,A,골목상권,1000838,호암로20길,186,77,109,0,35,44,56,33,18,0,4,15,26,21,11,0,31,29,30,12,7
2021,4,R,전통시장,1001324,전곡시장,77,42,35,0,5,16,22,22,12,0,4,7,11,10,10,0,1,9,11,12,2
2021,4,R,전통시장,1001435,대신시장,12,9,3,0,1,0,5,2,4,0,1,0,3,2,3,0,0,0,2,0,1
2021,4,A,골목상권,1000763,서달로14길,21,7,14,0,1,4,5,8,3,0,0,1,2,2,2,0,1,3,3,6,1
2021,4,A,골목상권,1000717,신길로42길,501,270,231,0,98,103,112,128,60,0,37,57,62,72,42,0,61,46,50,56,18
2021,4,D,발달상권,1001131,청담역_2,4142,3212,930,8,488,1228,1483,734,201,5,204,884,1286,665,168,3,284,344,197,69,33
2021,4,R,전통시장,1001432,도림시장,6,4,2,0,0,1,4,0,1,0,0,1,3,0,0,0,0,0,1,0,1
2021,4,R,전통시장,1001487,천호시장,35,19,16,0,4,10,6,7,8,0,2,3,4,3,7,0,2,7,2,4,1
2021,4,A,골목상권,1000792,난곡로74길,2179,1754,425,0,360,677,754,345,43,0,175,536,674,332,37,0,185,141,80,13,6
2021,4,A,골목상권,1000343,인수봉로56길,44,25,19,0,5,7,13,11,8,0,2,4,9,9,1,0,3,3,4,2,7
2021,4,R,전통시장,1001462,강남골목시장,168,124,44,0,17,40,46,35,30,0,15,33,30,24,22,0,2,7,16,11,8
2021,4,D,발달상권,1001258,등나무근린공원 주변,65,19,46,0,5,7,27,20,6,0,2,0,6,8,3,0,3,7,21,12,3
2021,4,R,전통시장,1001461,신림종합시장,8,7,1,0,0,0,0,2,6,0,0,0,0,1,6,0,0,0,0,1,0
2021,4,A,골목상권,1000806,대학길,80,45,35,0,11,20,19,21,9,0,5,13,9,15,3,0,6,7,10,6,6
2021,4,A,골목상권,1000805,대학14길,61,31,30,0,7,12,17,11,14,0,0,6,12,7,6,0,7,6,5,4,8
2021,4,D,발달상권,1001121,영등포역_3,121,70,51,0,9,17,30,30,35,0,3,10,19,15,23,0,6,7,11,15,12
2021,4,A,골목상권,1000828,장군봉2길,201,115,86,0,25,43,43,50,40,0,6,18,22,35,34,0,19,25,21,15,6
2021,4,A,골목상권,1000614,개봉로23가길,826,590,236,4,52,114,184,238,234,3,28,67,112,171,209,1,24,47,72,67,25
2021,4,A,골목상권,1000182,무학로16길,574,441,133,8,80,156,175,110,45,2,51,134,146,75,33,6,29,22,29,35,12
2021,4,A,골목상권,1000346,한천로109길,439,280,159,5,44,64,86,156,84,4,15,37,50,107,67,1,29,27,36,49,17
2021,4,R,전통시장,1001473,청담삼익시장,48,30,18,0,5,11,13,7,12,0,3,6,8,4,9,0,2,5,5,3,3
2021,4,A,골목상권,1000192,왕산로33길,72,30,42,0,1,0,19,39,13,0,0,0,8,12,10,0,1,0,11,27,3
2021,4,A,골목상권,1000937,학동로56길,2421,1533,888,6,302,458,632,781,242,3,177,282,399,477,195,3,125,176,233,304,47
2021,4,D,발달상권,1001256,서울 강북구 수유역_1,831,408,423,0,84,98,137,212,300,0,18,43,70,111,166,0,66,55,67,101,134
2021,4,D,발달상권,1001104,삼성역_3,52277,41226,11051,128,10839,13692,14840,11637,1141,80,7221,10373,12094,10546,912,48,3618,3319,2746,1091,229
2021,4,A,골목상권,1000304,종암로5길,404,201,203,0,32,119,152,82,19,0,13,47,77,56,8,0,19,72,75,26,11
2021,4,A,골목상권,1000921,삼성로64길,2957,1473,1484,16,452,408,434,560,1087,13,263,251,209,199,538,3,189,157,225,361,549
2021,4,A,골목상권,1000850,남부순환로339길,1451,978,473,5,292,426,348,222,158,3,159,286,254,163,113,2,133,140,94,59,45
2021,4,D,발달상권,1001262,서울 노원구 노원역_2,274,126,148,2,48,46,69,64,45,1,13,20,39,26,27,1,35,26,30,38,18
2021,4,A,골목상권,1000507,가로공원로58길,91,54,37,0,15,20,19,27,10,0,14,12,11,14,3,0,1,8,8,13,7
2021,4,D,발달상권,1001260,창동역,1003,570,433,0,128,204,240,203,228,0,52,94,123,119,182,0,76,110,117,84,46
2021,4,A,골목상권,1000171,답십리로23길,47,22,25,0,4,7,17,11,8,0,2,4,6,5,5,0,2,3,11,6,3
2021,4,D,발달상권,1001075,역삼역_2,10137,4381,5756,18,1696,2218,2605,3046,554,7,773,1375,1316,591,319,11,923,843,1289,2455,235
2021,4,D,발달상권,1001080,서울 송파구 석촌역_1,168,96,72,0,16,30,55,36,31,0,6,14,29,23,24,0,10,16,26,13,7
2021,4,A,골목상권,1000387,한글비석로24길,180,62,118,1,24,20,48,52,35,0,6,6,20,15,15,1,18,14,28,37,20
2021,4,A,골목상권,1000489,신촌로28가길,59,19,40,0,17,15,10,11,6,0,2,3,3,7,4,0,15,12,7,4,2
2021,4,A,골목상권,1000013,율곡로10길,313,206,107,0,46,89,80,66,32,0,20,64,51,46,25,0,26,25,29,20,7
2021,4,R,전통시장,1001266,동대문종합시장,1319,965,354,2,156,325,348,339,149,0,116,251,238,247,113,2,40,74,110,92,36
2021,4,A,골목상권,1000196,장한로25길,408,210,198,5,73,92,89,104,45,5,45,59,41,38,22,0,28,33,48,66,23
2021,4,A,골목상권,1000512,남부순환로33길,179,116,63,0,18,39,48,45,29,0,12,25,30,30,19,0,6,14,18,15,10
2021,4,D,발달상권,1001234,서울 종로구 경복궁역_1,599,413,186,4,59,113,127,128,168,0,26,73,80,96,138,4,33,40,47,32,30
2021,4,A,골목상권,1000309,화랑로13길,267,95,172,0,37,41,51,78,60,0,14,23,22,20,16,0,23,18,29,58,44
2021,4,R,전통시장,1001319,청량리종합시장,13,8,5,0,1,3,2,2,5,0,1,1,2,1,3,0,0,2,0,1,2
2021,4,D,발달상권,1001238,서울 동대문구 청량리역,776,413,363,3,124,115,138,181,215,2,54,61,67,97,132,1,70,54,71,84,83
2021,4,A,골목상권,1000385,석계로1길,605,255,350,3,65,130,179,154,74,2,28,55,71,56,43,1,37,75,108,98,31
2021,4,A,골목상권,1000678,시흥대로62가길,86,59,27,0,7,19,20,23,17,0,5,15,13,15,11,0,2,4,7,8,6
2021,4,A,골목상권,1000386,한글비석로22길,172,92,80,1,31,35,42,42,21,0,4,17,26,30,15,1,27,18,16,12,6
2021,4,A,골목상권,1000475,망원로11길,144,73,71,0,9,24,43,40,28,0,3,9,21,22,18,0,6,15,22,18,10
2021,4,D,발달상권,1001250,서울 은평구 불광역_3,67,24,43,0,6,12,14,22,13,0,0,5,5,5,9,0,6,7,9,17,4
2021,4,A,골목상권,1000015,이화장길,497,221,276,1,103,144,98,89,62,0,32,69,46,48,26,1,71,75,52,41,36
2021,4,R,전통시장,1001393,마포농수산물시장,77,40,37,0,2,12,24,26,13,0,1,8,12,14,5,0,1,4,12,12,8
2021,4,A,골목상권,1000177,답십리로69길,533,270,263,1,71,86,126,154,95,0,26,46,64,72,62,1,45,40,62,82,33
2021,4,R,전통시장,1001383,공덕시장,3948,2001,1947,52,1323,1296,891,287,99,28,467,646,599,181,80,24,856,650,292,106,19
2021,4,R,전통시장,1001359,창동신창시장,104,40,64,0,2,21,32,29,20,0,0,7,14,8,11,0,2,14,18,21,9
2021,4,A,골목상권,1000907,도산대로30길,3153,1611,1542,7,958,974,622,408,184,2,349,511,394,239,116,5,609,463,228,169,68
2021,4,D,발달상권,1001254,서울 은평구 연신내역_2,555,168,387,2,155,131,133,88,46,1,26,36,38,34,33,1,129,95,95,54,13
2021,4,D,발달상권,1001112,서울 강남구 학동역_3,3152,1780,1372,12,554,1019,808,479,280,2,232,568,488,284,206,10,322,451,320,195,74
2021,4,A,골목상권,1000544,중앙로36길,133,49,84,0,15,33,32,31,22,0,2,10,11,11,15,0,13,23,21,20,7
2021,4,A,골목상권,1000259,용마산로94길,304,259,45,0,11,41,65,94,93,0,3,31,54,85,86,0,8,10,11,9,7
2021,4,A,골목상권,1000898,논현로139길,3565,2123,1442,16,934,1220,865,367,163,0,408,737,592,270,116,16,526,483,273,97,47
2021,4,A,골목상권,1000957,송이로36길,2096,1409,687,7,396,598,492,369,234,3,220,414,360,209,203,4,176,184,132,160,31
2021,4,D,발달상권,1001183,서울 마포구 홍대입구역_2,977,535,442,8,181,277,206,148,157,4,65,145,126,97,98,4,116,132,80,51,59
2021,4,A,골목상권,1000982,상일로5길,172,124,48,0,10,33,40,57,32,0,5,22,28,43,26,0,5,11,12,14,6
2021,4,A,골목상권,1000786,구암길,228,72,156,0,25,51,70,60,22,0,9,21,15,14,13,0,16,30,55,46,9
2021,4,A,골목상권,1000267,돌곶이로8길,117,75,42,0,9,16,28,31,33,0,6,10,16,19,24,0,3,6,12,12,9
2021,4,A,골목상권,1000062,우사단로10길,570,508,62,1,64,165,163,156,21,0,41,143,156,151,17,1,23,22,7,5,4
2021,4,A,골목상권,1000974,동남로65길,297,202,95,1,27,45,73,101,50,1,17,22,52,69,41,0,10,23,21,32,9
2021,4,R,전통시장,1001294,마장축산물시장,532,358,174,0,59,106,132,138,97,0,45,69,86,91,67,0,14,37,46,47,30
2021,4,A,골목상권,1000671,시흥대로120길,192,117,75,0,25,36,36,53,42,0,14,25,19,26,33,0,11,11,17,27,9
2021,4,A,골목상권,1000945,백제고분로31길,1708,1370,338,0,86,234,312,223,853,0,43,155,203,154,815,0,43,79,109,69,38
2021,4,A,골목상권,1000214,한천로14길,696,440,256,2,87,134,177,185,111,2,59,89,118,108,64,0,28,45,59,77,47
2021,4,A,골목상권,1000159,자양로15길,106,45,61,0,9,20,32,21,24,0,1,12,11,10,11,0,8,8,21,11,13
2021,4,A,골목상권,1000727,영등포로27길,301,189,112,0,29,61,93,71,47,0,9,31,57,51,41,0,20,30,36,20,6
2021,4,A,골목상권,1000059,서빙고로71길,432,265,167,1,40,104,117,81,89,0,14,49,58,64,80,1,26,55,59,17,9
2021,4,A,골목상권,1000270,동소문로26가길,219,122,97,2,13,58,58,58,30,0,4,26,30,37,25,2,9,32,28,21,5
2021,4,D,발달상권,1001219,서울 종로구 동대문역_1,28,17,11,0,0,2,3,11,12,0,0,1,0,8,8,0,0,1,3,3,4
2021,4,A,골목상권,1000732,영신로9길,3221,1646,1575,28,548,837,791,816,201,11,218,373,430,498,116,17,330,464,361,318,85
2021,4,A,골목상권,1000115,아차산로5길,1871,1041,830,5,260,467,477,335,327,4,128,268,296,184,161,1,132,199,181,151,166
2021,4,A,골목상권,1000392,갈현로41길,171,78,93,0,19,37,52,50,13,0,9,17,27,18,7,0,10,20,25,32,6
2021,4,D,발달상권,1001231,서울 동대문구 신설동역_2,5440,2247,3193,4,641,1009,1217,1538,1031,1,213,526,677,473,357,3,428,483,540,1065,674
2021,4,A,골목상권,1000395,서오릉로21길,153,56,97,0,17,40,50,32,14,0,5,19,13,14,5,0,12,21,37,18,9
2021,4,A,골목상권,1000830,조원로18길,179,92,87,3,24,33,52,48,19,1,6,19,27,26,13,2,18,14,25,22,6
2021,4,A,골목상권,1000414,은평로20길,9,2,7,0,0,0,4,2,3,0,0,0,0,0,2,0,0,0,4,2,1
2021,4,D,발달상권,1001175,서울 강동구 고덕역,1359,916,443,3,172,305,337,317,225,1,75,198,249,221,172,2,97,107,88,96,53
2021,4,A,골목상권,1000416,은평로8길,275,194,81,0,58,72,65,53,27,0,31,52,50,44,17,0,27,20,15,9,10
2021,4,A,골목상권,1000920,삼성로63길,1079,554,525,3,130,330,265,244,107,1,51,131,137,152,82,2,79,199,128,92,25
2021,4,A,골목상권,1000562,강서로47라길,207,150,57,0,15,34,58,66,34,0,11,27,38,47,27,0,4,7,20,19,7
2021,4,A,골목상권,1000529,목동중앙서로7길,75,52,23,0,2,13,18,26,16,0,2,10,11,16,13,0,0,3,7,10,3
2021,4,A,골목상권,1000419,응암로14길,99,50,49,0,23,15,27,28,6,0,6,7,12,20,5,0,17,8,15,8,1
2021,4,A,골목상권,1000872,서초대로4길,847,478,369,4,169,223,242,137,72,1,87,128,142,59,61,3,82,95,100,78,11
2021,4,A,골목상권,1000425,증산로21길,237,122,115,0,36,49,60,53,39,0,16,16,36,26,28,0,20,33,24,27,11
2021,4,R,전통시장,1001450,남성역골목시장,467,268,199,1,36,33,39,47,311,1,12,20,22,16,197,0,24,13,17,31,114
2021,4,D,발달상권,1001033,서울 서초구 남부터미널역_1,2033,1323,710,5,305,541,557,409,216,2,128,356,375,282,180,3,177,185,182,127,36
2021,4,D,발달상권,1001022,관악구 사당역_2,744,453,291,4,116,191,213,147,73,3,54,120,124,98,54,1,62,71,89,49,19
2021,4,D,발달상권,1001039,서울 서초구 남부터미널역_2,3012,1965,1047,5,383,628,809,640,547,1,195,397,543,439,390,4,188,231,266,201,157
2021,4,A,골목상권,1000434,통일로92길,186,72,114,0,15,38,49,59,25,0,6,22,23,14,7,0,9,16,26,45,18
2021,4,R,전통시장,1001395,목3동시장,148,67,81,0,13,20,55,37,23,0,7,6,18,19,17,0,6,14,37,18,6
2021,4,A,골목상권,1000834,청룡길,404,224,180,1,27,66,135,112,63,0,6,25,76,70,47,1,21,41,59,42,16
2021,4,A,골목상권,1000394,불광천길,192,95,97,0,15,30,49,58,40,0,8,13,27,27,20,0,7,17,22,31,20
2021,4,D,발달상권,1001097,잠실역 롯데월드,2247,1185,1062,70,1110,371,339,299,58,22,487,205,204,224,43,48,623,166,135,75,15
2021,4,A,골목상권,1000551,화곡로4길,421,219,202,0,59,111,112,80,59,0,21,58,55,49,36,0,38,53,57,31,23
2021,4,A,골목상권,1000871,서초대로25길,2073,1591,482,5,353,572,466,415,262,5,239,408,373,342,224,0,114,164,93,73,38
2021,4,R,전통시장,1001397,신영시장,40,13,27,0,3,4,13,16,4,0,2,0,3,6,2,0,1,4,10,10,2
2021,4,A,골목상권,1000538,오목로3길,375,296,79,0,17,49,68,135,106,0,5,31,48,109,103,0,12,18,20,26,3
2021,4,A,골목상권,1000060,소월로20길,151,76,75,0,28,48,37,30,8,0,8,24,17,20,7,0,20,24,20,10,1
2021,4,A,골목상권,1000029,난계로21길,128,93,35,0,8,27,29,41,23,0,6,17,22,29,19,0,2,10,7,12,4
2021,4,A,골목상권,1000317,노해로33길,84,30,54,0,8,16,26,27,7,0,1,5,5,12,7,0,7,11,21,15,0
2021,4,D,발달상권,1001153,당산역_1,310,186,124,1,27,56,90,73,63,1,6,33,47,44,55,0,21,23,43,29,8
2021,4,A,골목상권,1000332,삼양로54길,295,66,229,0,13,17,34,43,188,0,3,9,15,11,28,0,10,8,19,32,160
2021,4,D,발달상권,1001155,용산 전자상가_5,1976,1461,515,8,368,701,562,250,87,7,247,537,422,179,69,1,121,164,140,71,18
2021,4,A,골목상권,1000225,공릉로12가길,75,50,25,0,6,17,16,19,17,0,5,9,7,15,14,0,1,8,9,4,3
2021,4,D,발달상권,1001160,서울 광진구 구의역,928,584,344,6,105,148,250,239,180,6,52,85,152,168,121,0,53,63,98,71,59
2021,4,A,골목상권,1000266,돌곶이로41길,40,13,27,0,1,11,10,16,2,0,1,2,3,6,1,0,0,9,7,10,1
2021,4,D,발달상권,1001070,은마아파트입구사거리_4,570,252,318,1,106,152,143,111,57,0,38,74,83,37,20,1,68,78,60,74,37
2021,4,A,골목상권,1000302,종암로21길,550,344,206,2,84,128,136,156,44,0,45,73,83,108,35,2,39,55,53,48,9
2021,4,A,골목상권,1000581,국회대로7길,215,101,114,0,27,35,46,62,45,0,14,21,24,23,19,0,13,14,22,39,26
2021,4,A,골목상권,1000303,종암로24가길,81,18,63,0,22,18,20,15,6,0,2,2,5,5,4,0,20,16,15,10,2
2021,4,A,골목상권,1000505,토정로37길,431,166,265,0,46,64,72,71,178,0,14,31,30,25,66,0,32,33,42,46,112
2021,4,R,전통시장,1001339,정릉아리랑시장,22,7,15,0,1,7,8,5,1,0,0,2,1,3,1,0,1,5,7,2,0
2021,4,A,골목상권,1000999,진황도로27길,298,174,124,1,41,80,72,67,37,1,17,42,47,39,28,0,24,38,25,28,9
2021,4,R,전통시장,1001342,밤나무골시장,17,5,12,0,2,4,6,4,1,0,1,1,2,1,0,0,1,3,4,3,1
2021,4,A,골목상권,1000637,구로중앙로7길,86,42,44,0,10,15,14,19,28,0,0,3,7,8,24,0,10,12,7,11,4
2021,4,A,골목상권,1000248,면목로78길,93,44,49,0,9,22,28,17,17,0,4,8,9,10,13,0,5,14,19,7,4
2021,4,A,골목상권,1000844,강남대로23길,2897,1993,904,3,487,847,768,555,237,2,285,608,522,373,203,1,202,239,246,182,34
2021,4,A,골목상권,1000222,겸재로29길,126,74,52,0,24,21,24,29,28,0,14,8,12,20,20,0,10,13,12,9,8
2021,4,A,골목상권,1000232,동일로130길,130,99,31,0,6,32,44,31,17,0,2,23,35,24,15,0,4,9,9,7,2
2021,4,R,전통시장,1001287,신흥시장,4,1,3,0,0,2,0,2,0,0,0,1,0,0,0,0,0,1,0,2,0
2021,4,A,골목상권,1000167,천호대로129길,344,207,137,0,37,51,84,93,79,0,18,35,51,47,56,0,19,16,33,46,23
2021,4,D,발달상권,1001168,남영역,4055,2796,1259,20,750,1490,1024,556,215,8,370,894,831,509,184,12,380,596,193,47,31
2021,4,R,전통시장,1001400,신월3동골목시장,12,7,5,0,1,2,4,5,0,0,0,1,3,3,0,0,1,1,1,2,0
2021,4,A,골목상권,1000103,상원12길,398,238,160,0,100,141,95,33,29,0,44,89,63,16,26,0,56,52,32,17,3
2021,4,D,발달상권,1001139,서울 영등포구 영등포구청역,449,275,174,0,51,101,114,93,90,0,19,51,77,63,65,0,32,50,37,30,25
2021,4,R,전통시장,1001298,성동용답상가시장,66,33,33,0,5,10,20,21,10,0,1,6,6,13,7,0,4,4,14,8,3
2021,4,A,골목상권,1000709,디지털로74길,13,8,5,0,1,8,2,2,0,0,0,5,1,2,0,0,1,3,1,0,0
2021,4,A,골목상권,1000099,무학로6길,1897,382,1515,4,381,232,304,595,381,0,109,92,84,68,29,4,272,140,220,527,352
2021,4,A,골목상권,1000389,가좌로7길,329,203,126,0,27,59,107,92,44,0,14,33,69,49,38,0,13,26,38,43,6
2021,4,D,발달상권,1001195,왕십리역_2,233,102,131,1,51,50,45,45,41,0,16,21,21,19,25,1,35,29,24,26,16
2021,4,A,골목상권,1000128,광나루로24길,25,12,13,0,5,8,7,2,3,0,1,3,5,1,2,0,4,5,2,1,1
2021,4,A,골목상권,1000125,한림말3길,3329,1128,2201,0,961,1041,714,416,197,0,199,326,315,195,93,0,762,715,399,221,104
2021,4,A,골목상권,1000401,연서로16길,121,66,55,0,15,20,30,37,19,0,4,5,19,22,16,0,11,15,11,15,3
2021,4,A,골목상권,1000153,아차산로55길,243,150,93,0,31,67,67,38,40,0,13,35,45,28,29,0,18,32,22,10,11
2021,4,D,발달상권,1001084,서울 강남구 선릉역_1,21572,9107,12465,49,5651,5960,4971,3383,1558,20,2281,2934,2129,957,786,29,3370,3026,2842,2426,772
2021,4,R,전통시장,1001304,자양골목시장,54,36,18,0,7,17,14,9,7,0,5,12,9,6,4,0,2,5,5,3,3
2021,4,A,골목상권,1000557,강서로29길,384,230,154,0,73,126,90,71,24,0,28,82,56,47,17,0,45,44,34,24,7
2021,4,A,골목상권,1000252,봉화산로56길,649,289,360,0,70,101,115,213,150,0,21,50,53,81,84,0,49,51,62,132,66
2021,4,R,전통시장,1001343,장위전통시장,40,20,20,0,5,6,7,8,14,0,0,2,5,5,8,0,5,4,2,3,6
2021,4,A,골목상권,1000255,신내로7가길,276,115,161,1,52,59,80,71,13,0,25,21,26,32,11,1,27,38,54,39,2
2021,4,A,골목상권,1000595,양천로49길,342,232,110,0,52,71,97,88,34,0,23,53,65,67,24,0,29,18,32,21,10
2021,4,A,골목상권,1000268,동소문로13길,572,285,287,2,91,115,136,116,112,1,42,60,76,57,49,1,49,55,60,59,63
2021,4,A,골목상권,1000617,경인로15길,259,93,166,0,26,41,66,83,43,0,10,20,24,24,15,0,16,21,42,59,28
2021,4,A,골목상권,1000069,이촌로22길,385,307,78,0,38,71,113,138,25,0,21,48,99,124,15,0,17,23,14,14,10
2021,4,A,골목상권,1000866,사평대로22길,1697,1052,645,8,312,482,394,276,225,3,135,310,268,183,153,5,177,172,126,93,72
2021,4,D,발달상권,1001072,신대방삼거리역,259,129,130,0,27,40,80,70,42,0,12,17,39,35,26,0,15,23,41,35,16
2021,4,D,발달상권,1001068,은마아파트입구사거리_2,15650,5160,10490,195,3168,3396,2797,3742,2352,80,1184,1720,1200,668,308,115,1984,1676,1597,3074,2044
2021,4,A,골목상권,1000178,답십리로72길,54,20,34,0,7,13,15,16,3,0,3,6,5,4,2,0,4,7,10,12,1
2021,4,A,골목상권,1000023,창신5길,15,7,8,0,0,0,6,9,0,0,0,0,5,2,0,0,0,0,1,7,0
2021,4,D,발달상권,1001123,학동사거리_1,4075,2555,1520,4,726,1146,874,714,611,3,268,567,615,579,523,1,458,579,259,135,88
2021,4,D,발달상권,1001228,서울 종로구 종로5가역_3,1766,1160,606,3,251,446,420,379,267,1,117,261,264,299,218,2,134,185,156,80,49
2021,4,A,골목상권,1000311,화랑로19길,43,19,24,0,2,8,16,11,6,0,1,3,7,4,4,0,1,5,9,7,2
2021,4,A,골목상권,1000537,오목로30길,220,125,95,0,37,45,55,52,31,0,17,26,31,25,26,0,20,19,24,27,5
2021,4,A,골목상권,1000323,도봉로67길,116,57,59,1,13,16,34,35,17,0,6,7,19,16,9,1,7,9,15,19,8
2021,4,A,골목상권,1000950,백제고분로42길,590,289,301,0,52,121,150,176,91,0,27,67,74,74,47,0,25,54,76,102,44
2021,4,A,골목상권,1000951,백제고분로45길,1349,869,480,4,198,345,419,246,137,1,104,226,275,166,97,3,94,119,144,80,40
2021,4,A,골목상권,1000237,동일로157길,443,270,173,0,54,90,87,139,73,0,14,50,47,102,57,0,40,40,40,37,16
2021,4,R,전통시장,1001316,서울약령시장,1171,642,529,4,112,206,302,338,209,0,55,127,163,178,119,4,57,79,139,160,90
2021,4,A,골목상권,1000641,도림로6길,160,93,67,0,30,40,43,28,19,0,20,22,25,16,10,0,10,18,18,12,9
2021,4,A,골목상권,1000089,금호산2길,22,12,10,0,1,5,4,4,8,0,0,2,3,4,3,0,1,3,1,0,5
2021,4,A,골목상권,1000808,법원단지9길,163,102,61,0,19,35,33,49,27,0,7,25,19,31,20,0,12,10,14,18,7
2021,4,A,골목상권,1000256,용마산로100길,122,52,70,0,31,16,29,29,17,0,7,6,13,15,11,0,24,10,16,14,6
2021,4,A,골목상권,1000421,응암로34길,231,118,113,1,22,39,75,63,31,1,9,22,43,24,19,0,13,17,32,39,12
2021,4,A,골목상권,1000706,도신로62길,227,173,54,0,48,85,58,21,15,0,28,73,49,14,9,0,20,12,9,7,6
2021,4,D,발달상권,1001222,동묘앞역,223,138,85,0,27,41,44,66,45,0,9,20,31,41,37,0,18,21,13,25,8
2021,4,A,골목상권,1000004,명륜길,56,32,24,0,5,13,16,18,4,0,2,5,13,9,3,0,3,8,3,9,1
2021,4,A,골목상권,1000597,양천로73가길,468,360,108,1,42,76,123,116,110,1,17,56,93,95,98,0,25,20,30,21,12
2021,4,A,골목상권,1000424,증산로17길,161,110,51,0,8,24,52,51,26,0,5,11,30,42,22,0,3,13,22,9,4
2021,4,A,골목상권,1000234,동일로139길,77,53,24,0,5,9,21,31,11,0,5,7,10,21,10,0,0,2,11,10,1
2021,4,A,골목상권,1000825,은천로25길,44,21,23,0,5,1,14,15,9,0,1,0,8,8,4,0,4,1,6,7,5
2021,4,A,골목상권,1000987,양재대로116길,75,41,34,0,5,14,16,12,28,0,2,5,9,8,17,0,3,9,7,4,11
2021,4,A,골목상권,1000848,남부순환로317길,2386,1532,854,4,366,708,587,425,296,0,186,453,431,256,206,4,180,255,156,169,90
2021,4,D,발달상권,1001074,대림역_2,5179,3395,1784,6,528,1040,1232,1299,1074,5,324,854,904,715,593,1,204,186,328,584,481
2021,4,A,골목상권,1000567,개화동로23길,857,669,188,0,74,126,199,192,266,0,33,82,143,161,250,0,41,44,56,31,16
2021,4,A,골목상권,1000275,보문로26길,134,62,72,0,19,23,41,32,19,0,2,9,18,18,15,0,17,14,23,14,4
2021,4,A,골목상권,1000603,화곡로13길,368,249,119,0,51,98,102,82,35,0,34,62,71,59,23,0,17,36,31,23,12
2021,4,R,전통시장,1001451,사당시장,45,20,25,0,4,6,10,11,14,0,0,1,4,6,9,0,4,5,6,5,5
2021,4,R,전통시장,1001385,아현시장,803,430,373,2,279,327,127,43,25,1,113,190,78,32,16,1,166,137,49,11,9
2021,4,A,골목상권,1000658,금하로24길,132,72,60,0,17,25,41,37,12,0,8,14,23,19,8,0,9,11,18,18,4
2021,4,A,골목상권,1000383,상계로1길,334,244,90,0,38,93,109,64,30,0,28,74,82,41,19,0,10,19,27,23,11
2021,4,R,전통시장,1001490,길동복조리시장,430,242,188,4,47,66,97,133,83,2,21,39,59,74,47,2,26,27,38,59,36
2021,4,D,발달상권,1001192,서울 중구 충무로역_1,3743,2160,1583,3,569,927,1190,778,276,2,251,542,639,531,195,1,318,385,551,247,81
2021,4,A,골목상권,1000619,경인로35길,364,232,132,0,42,115,97,76,34,0,17,83,58,44,30,0,25,32,39,32,4
2021,4,R,전통시장,1001330,동원시장,224,109,115,0,24,37,49,82,32,0,11,17,21,38,22,0,13,20,28,44,10
2021,4,A,골목상권,1000733,국사봉1길,85,52,33,0,6,26,29,13,11,0,1,16,21,6,8,0,5,10,8,7,3
2021,4,A,골목상권,1000096,마조로1길,30,14,16,0,4,5,11,7,3,0,1,2,6,4,1,0,3,3,5,3,2
2021,4,A,골목상권,1000288,오패산로4길,841,540,301,0,63,154,174,140,310,0,23,79,91,69,278,0,40,75,83,71,32
2021,4,A,골목상권,1000164,자양번영로3길,587,462,125,0,28,54,167,231,107,0,16,35,132,192,87,0,12,19,35,39,20
2021,4,A,골목상권,1000940,거마로20길,503,229,274,1,93,136,147,101,25,0,31,65,68,49,16,1,62,71,79,52,9
2021,4,A,골목상권,1000423,증산로15길,398,297,101,0,76,95,76,84,67,0,68,77,51,46,55,0,8,18,25,38,12
2021,4,A,골목상권,1001010,풍성로37가길,128,57,71,0,20,38,31,18,21,0,6,17,12,8,14,0,14,21,19,10,7
2021,4,A,골목상권,1000701,도림로63길,53,41,12,0,3,11,13,16,10,0,2,8,10,12,9,0,1,3,3,4,1
2021,4,A,골목상권,1000585,등촌로39길,313,146,167,2,60,75,59,79,38,1,20,29,26,39,31,1,40,46,33,40,7
2021,4,A,골목상권,1000454,통일로37길,611,407,204,1,30,68,177,275,60,0,10,48,111,184,54,1,20,20,66,91,6
2021,4,A,골목상권,1000340,오패산로30길,13,5,8,0,1,2,3,6,1,0,1,0,1,3,0,0,0,2,2,3,1
2021,4,A,골목상권,1000269,동소문로15길,209,152,57,8,4,20,45,59,73,8,2,8,24,41,69,0,2,12,21,18,4
2021,4,D,발달상권,1001229,서울 종로구 종로5가역_4,1358,810,548,3,156,480,430,197,92,0,52,247,281,156,74,3,104,233,149,41,18
2021,4,D,발달상권,1001237,서울 종로구 경복궁역_2,239,107,132,0,35,62,52,43,47,0,13,14,23,28,29,0,22,48,29,15,18
2021,4,A,골목상권,1000194,이문로42길,48,29,19,0,1,7,14,19,7,0,1,4,9,11,4,0,0,3,5,8,3
2021,4,A,골목상권,1000602,초원로16길,523,369,154,1,74,66,85,150,147,1,16,26,49,138,139,0,58,40,36,12,8
2021,4,A,골목상권,1000501,월드컵로25길,309,125,184,0,36,54,91,81,47,0,14,21,38,32,20,0,22,33,53,49,27
2021,4,D,발달상권,1001159,서울 강동구 천호역,259,93,166,1,34,63,54,67,40,0,5,14,28,25,21,1,29,49,26,42,19
2021,4,A,골목상권,1000556,강서로18길,676,545,131,3,90,227,163,152,41,3,67,185,131,123,36,0,23,42,32,29,5
2021,4,A,골목상권,1000440,세검정로1길,109,37,72,0,13,20,36,21,19,0,2,6,9,9,11,0,11,14,27,12,8
2021,4,A,골목상권,1001000,진황도로47길,131,63,68,0,12,35,48,26,10,0,5,16,21,13,8,0,7,19,27,13,2
2021,4,D,발달상권,1001240,혜화역 대학로_1,1230,573,657,8,203,350,256,165,248,4,56,110,120,96,187,4,147,240,136,69,61
2021,4,A,골목상권,1000290,인촌로1길,127,78,49,0,15,45,34,22,11,0,5,29,24,13,7,0,10,16,10,9,4
2021,4,A,골목상권,1000478,모래내로7길,91,63,28,0,5,10,23,30,23,0,4,5,15,17,22,0,1,5,8,13,1
2021,4,A,골목상권,1000655,가산로5길,499,350,149,2,64,95,153,124,61,2,49,74,111,67,47,0,15,21,42,57,14
2021,4,A,골목상권,1000539,오목로5길,120,85,35,0,5,14,42,40,19,0,3,10,27,30,15,0,2,4,15,10,4
2021,4,A,골목상권,1000758,상도로37길,128,65,63,0,36,22,32,28,10,0,13,11,20,14,7,0,23,11,12,14,3
2021,4,R,전통시장,1001448,흑석시장,78,31,47,0,16,10,17,20,15,0,3,2,8,7,11,0,13,8,9,13,4
2021,4,A,골목상권,1000195,장한로14길,179,98,81,0,26,51,43,33,26,0,11,24,24,18,21,0,15,27,19,15,5
2021,4,R,전통시장,1001481,명일골목시장,89,30,59,0,8,10,13,28,30,0,3,6,5,8,8,0,5,4,8,20,22
2021,4,A,골목상권,1000916,봉은사로68길,1265,789,476,3,247,453,315,156,91,2,120,271,223,110,63,1,127,182,92,46,28
2021,4,D,발달상권,1001243,서울 성북구 안암역,59,28,31,1,12,16,12,8,10,0,5,9,7,2,5,1,7,7,5,6,5
2021,4,A,골목상권,1000651,우마길,43,19,24,0,7,15,18,2,1,0,0,4,12,2,1,0,7,11,6,0,0
2021,4,A,골목상권,1000978,상암로14길,432,261,171,0,49,109,126,86,62,0,24,63,72,52,50,0,25,46,54,34,12
2021,4,A,골목상권,1000240,망우로73길,51,34,17,0,6,5,14,20,6,0,3,4,10,13,4,0,3,1,4,7,2
2021,4,A,골목상권,1000994,올림픽로71길,184,101,83,3,18,51,45,42,25,2,10,23,26,24,16,1,8,28,19,18,9
2021,4,A,골목상권,1000420,응암로22길,130,53,77,0,18,20,28,41,23,0,2,5,12,21,13,0,16,15,16,20,10
2021,4,A,골목상권,1001002,천중로51길,761,536,225,1,51,141,166,200,202,1,31,102,111,148,143,0,20,39,55,52,59
2021,4,A,골목상권,1000306,창경궁로43길,917,434,483,17,188,284,282,98,48,8,72,126,122,66,40,9,116,158,160,32,8
2021,4,A,골목상권,1000041,장충단로8길,3778,1997,1781,18,690,903,1066,949,152,3,282,613,568,435,96,15,408,290,498,514,56
2021,4,A,골목상권,1000743,동작대로7길,182,84,98,0,17,34,50,32,49,0,4,17,27,14,22,0,13,17,23,18,27
2021,4,D,발달상권,1001088,삼성역_1,18695,12565,6130,46,3102,6080,5006,2754,1707,11,1278,3732,3928,2304,1312,35,1824,2348,1078,450,395
2021,4,A,골목상권,1000933,일원로3길,513,237,276,1,62,93,108,113,136,0,28,43,39,41,86,1,34,50,69,72,50
2021,4,A,골목상권,1000402,연서로17길,540,162,378,0,38,79,137,190,96,0,5,37,49,29,42,0,33,42,88,161,54
2021,4,A,골목상권,1000824,양녕로6길,205,124,81,0,26,50,44,46,39,0,12,27,30,29,26,0,14,23,14,17,13
2021,4,A,골목상권,1000601,초록마을로8길,116,68,48,0,9,25,45,19,18,0,0,16,26,13,13,0,9,9,19,6,5
2021,4,D,발달상권,1001249,서울 은평구 불광역_2,116,39,77,0,15,24,18,22,37,0,2,8,8,9,12,0,13,16,10,13,25
2021,4,D,발달상권,1001211,동대문시장_1,1663,493,1170,0,424,687,250,238,64,0,78,200,109,70,36,0,346,487,141,168,28
2021,4,D,발달상권,1001252,서울 성북구 미아삼거리역_2,322,144,178,1,42,84,83,84,28,1,12,33,37,48,13,0,30,51,46,36,15
2021,4,D,발달상권,1001226,서울 종로구 종로5가역_2,16173,10184,5989,432,3951,5181,3917,2173,519,114,1661,3340,2956,1772,341,318,2290,1841,961,401,178
2021,4,R,전통시장,1001312,용두시장,4,2,2,0,0,0,1,2,1,0,0,0,0,1,1,0,0,0,1,1,0
2021,4,A,골목상권,1000812,봉천로33길,211,131,80,0,34,49,60,38,30,0,15,23,38,31,24,0,19,26,22,7,6
2021,4,A,골목상권,1000355,도당로13가길,36,21,15,0,5,5,9,13,4,0,3,3,5,7,3,0,2,2,4,6,1
2021,4,D,발달상권,1001106,서울 강남구 학동역_2,2510,1674,836,2,225,433,393,251,1206,0,100,253,280,152,889,2,125,180,113,99,317
2021,4,R,전통시장,1001267,종로신진시장,158,89,69,0,13,25,46,36,38,0,11,16,19,19,24,0,2,9,27,17,14
2021,4,A,골목상권,1000510,곰달래로3길,313,213,100,3,40,72,82,77,39,2,29,55,55,46,26,1,11,17,27,31,13
2021,4,R,전통시장,1001445,영도시장,73,6,67,0,12,18,21,19,3,0,3,0,0,2,1,0,9,18,21,17,2
2021,4,A,골목상권,1000657,금하로1길,227,175,52,0,19,25,41,65,77,0,17,16,22,47,73,0,2,9,19,18,4
2021,4,A,골목상권,1000358,도당로29길,518,292,226,3,112,135,145,95,28,3,61,94,68,45,21,0,51,41,77,50,7
2021,4,A,골목상권,1000460,대흥로28길,50,17,33,0,6,11,9,17,7,0,0,4,3,6,4,0,6,7,6,11,3
2021,4,D,발달상권,1001054,서울 강남구 대치역_2,1139,629,510,0,124,418,352,147,98,0,32,203,214,95,85,0,92,215,138,52,13
2021,4,A,골목상권,1000081,한강대로62길,1047,535,512,1,171,234,275,263,103,1,97,112,157,115,53,0,74,122,118,148,50
2021,4,A,골목상권,1000293,인촌로5길,63,31,32,0,6,13,16,14,14,0,5,6,7,9,4,0,1,7,9,5,10
2021,4,R,전통시장,1001284,서울중앙시장,451,320,131,0,102,148,94,56,51,0,76,107,50,41,46,0,26,41,44,15,5
2021,4,D,발달상권,1001130,청담역_1,4062,2913,1149,4,537,1316,1138,883,184,3,298,854,890,736,132,1,239,462,248,147,52
2021,4,A,골목상권,1001008,천호옛14길,177,93,84,2,25,23,39,34,54,1,13,12,27,17,23,1,12,11,12,17,31
2021,4,A,골목상권,1000249,봉우재로33길,150,59,91,1,27,29,43,29,21,0,7,10,21,10,11,1,20,19,22,19,10
2021,4,D,발달상권,1001167,서울 마포구 공덕역_1,2420,796,1624,8,575,414,504,810,109,4,252,223,144,100,73,4,323,191,360,710,36
2021,4,D,발달상권,1001127,서울 영등포구 여의도역_1,27015,17171,9844,68,3989,9188,7870,4357,1543,7,1839,5322,5574,3343,1086,61,2150,3866,2296,1014,457
2021,4,A,골목상권,1000305,지봉로20길,3780,3162,618,0,367,1434,708,813,458,0,254,1273,655,694,286,0,113,161,53,119,172
2021,4,A,골목상권,1000502,월드컵로36길,461,286,175,0,32,96,140,131,62,0,11,54,79,92,50,0,21,42,61,39,12
2021,4,A,골목상권,1000889,개포로17길,961,659,302,0,135,286,315,146,79,0,59,189,244,99,68,0,76,97,71,47,11
2021,4,A,골목상권,1000390,갈현로1길,66,36,30,0,4,13,16,19,14,0,2,7,7,9,11,0,2,6,9,10,3
2021,4,A,골목상권,1000333,삼양로77길,131,58,73,0,12,26,40,37,16,0,5,14,17,13,9,0,7,12,23,24,7
2021,4,D,발달상권,1001111,서울 강남구 강남구청역_1,3516,2335,1181,10,494,765,795,775,677,2,239,432,554,593,515,8,255,333,241,182,162
2021,4,A,골목상권,1000534,신월로15길,357,184,173,0,26,61,105,105,60,0,12,32,59,41,40,0,14,29,46,64,20
2021,4,A,골목상권,1000570,곰달래로31길,120,78,42,0,18,25,26,16,35,0,6,16,14,10,32,0,12,9,12,6,3
2021,4,A,골목상권,1000476,망원로2길,282,190,92,0,31,67,82,72,30,0,21,50,50,46,23,0,10,17,32,26,7
2021,4,R,전통시장,1001314,경동시장,130,61,69,0,18,32,24,19,37,0,3,11,11,12,24,0,15,21,13,7,13
2021,4,R,전통시장,1001394,목2동시장,432,251,181,1,66,124,122,71,48,1,40,69,70,39,32,0,26,55,52,32,16
2021,4,A,골목상권,1000349,한천로132길,56,31,25,0,6,8,10,21,11,0,3,4,6,12,6,0,3,4,4,9,5
2021,4,A,골목상권,1000503,월드컵로7길,759,308,451,1,135,276,207,114,26,0,39,95,104,51,19,1,96,181,103,63,7
2021,4,A,골목상권,1000713,선유서로28길,208,110,98,0,28,36,49,53,42,0,11,21,25,29,24,0,17,15,24,24,18
2021,4,R,전통시장,1001338,돈암제일시장,97,22,75,1,20,20,25,18,13,0,0,2,7,8,5,1,20,18,18,10,8
2021,4,A,골목상권,1000334,삼양로93길,209,94,115,0,25,48,58,59,19,0,8,19,24,26,17,0,17,29,34,33,2
2021,4,A,골목상권,1000859,마방로2길,3582,2570,1012,20,575,1020,900,645,422,16,347,760,672,445,330,4,228,260,228,200,92
2021,4,A,골목상권,1000731,영등포로84길,1933,673,1260,4,390,476,417,406,240,0,80,202,146,139,106,4,310,274,271,267,134
2021,4,A,골목상권,1000887,강남대로136길,5070,3655,1415,10,1201,1935,1121,614,189,6,702,1417,905,490,135,4,499,518,216,124,54
2021,4,A,골목상권,1000798,남부순환로172길,450,316,134,1,64,125,78,98,84,1,45,94,55,63,58,0,19,31,23,35,26
2021,4,A,골목상권,1000286,오패산로19길,101,36,65,1,18,30,26,18,8,1,2,12,12,5,4,0,16,18,14,13,4
2021,4,A,골목상권,1000835,청림3길,167,58,109,0,43,42,32,33,17,0,8,13,16,10,11,0,35,29,16,23,6
2021,4,A,골목상권,1000356,도당로13바길,74,35,39,0,5,12,21,18,18,0,2,7,9,7,10,0,3,5,12,11,8
2021,4,A,골목상권,1000095,마조로16길,155,93,62,0,19,29,35,46,26,0,5,17,19,33,19,0,14,12,16,13,7
2021,4,A,골목상권,1000748,사당로16길,116,36,80,0,13,20,29,40,14,0,2,7,5,12,10,0,11,13,24,28,4
2021,4,A,골목상권,1000006,북촌로11길,671,232,439,1,209,264,104,61,32,1,37,109,40,22,23,0,172,155,64,39,9
2021,4,D,발달상권,1001145,용산 전자상가_1,3893,2851,1042,18,653,1252,1021,732,217,12,383,882,805,612,157,6,270,370,216,120,60
2021,4,R,전통시장,1001396,목4동시장,52,35,17,0,2,8,13,17,12,0,0,6,8,11,10,0,2,2,5,6,2
2021,4,D,발달상권,1001138,압구정 로데오거리_1,14564,7168,7396,44,4216,5561,2876,1456,411,9,1182,2612,1841,1224,300,35,3034,2949,1035,232,111
2021,4,A,골목상권,1000301,종암로19길,18269,9427,8842,55,1383,4740,6784,5244,63,12,579,1557,3005,4219,55,43,804,3183,3779,1025,8
2021,4,D,발달상권,1001058,역삼역_1,10667,5507,5160,103,3487,3300,2171,1158,448,26,1247,1825,1451,641,317,77,2240,1475,720,517,131
2021,4,A,골목상권,1000666,독산로85길,68,34,34,0,7,5,22,22,12,0,3,2,9,12,8,0,4,3,13,10,4
2021,4,A,골목상권,1000913,봉은사로29길,1860,1203,657,7,370,565,424,285,209,5,167,321,302,226,182,2,203,244,122,59,27
2021,4,A,골목상권,1000745,만양로14길,47,29,18,0,6,11,10,10,10,0,1,8,7,7,6,0,5,3,3,3,4
2021,4,A,골목상권,1000784,관천로15길,236,149,87,1,28,49,55,60,43,1,15,31,33,39,30,0,13,18,22,21,13
2021,4,A,골목상권,1000613,개봉로20길,3082,1346,1736,2,275,551,822,977,455,0,164,291,353,326,212,2,111,260,469,651,243
2021,4,A,골목상권,1000319,덕릉로41길,185,105,80,0,9,15,33,43,85,0,3,10,16,20,56,0,6,5,17,23,29
2021,4,D,발달상권,1001214,종각역,10396,8086,2310,7,1633,3215,2625,2716,200,1,989,2178,2154,2582,182,6,644,1037,471,134,18
2021,4,A,골목상권,1000464,독막로32길,487,240,247,5,83,113,131,119,36,5,46,70,54,35,30,0,37,43,77,84,6
2021,4,D,발달상권,1001093,신천역,4789,2992,1797,25,685,859,981,1141,1098,3,269,493,600,807,820,22,416,366,381,334,278
2021,4,D,발달상권,1001119,영등포역_2,583,245,338,0,63,94,124,151,151,0,22,53,52,42,76,0,41,41,72,109,75
2021,4,A,골목상권,1000764,서달로15길,42,14,28,1,7,4,15,10,5,0,0,1,6,5,2,1,7,3,9,5,3
2021,4,A,골목상권,1000776,장승배기로19길,518,409,109,0,195,135,75,49,64,0,177,105,47,38,42,0,18,30,28,11,22
2021,4,R,전통시장,1001321,답십리현대시장,36,31,5,0,4,4,7,13,8,0,3,4,6,11,7,0,1,0,1,2,1
2021,4,A,골목상권,1000796,남부순환로151길,788,369,419,0,167,287,164,110,60,0,49,139,97,48,36,0,118,148,67,62,24
2021,4,D,발달상권,1001212,서대문구 서대문역_1,99,67,32,1,10,20,24,28,16,1,4,10,17,19,16,0,6,10,7,9,0
2021,4,A,골목상권,1000221,휘경로3길,127,69,58,0,23,32,28,28,16,0,9,13,17,20,10,0,14,19,11,8,6
2021,4,A,골목상권,1000448,증가로20가길,336,99,237,0,39,85,98,72,42,0,4,20,19,27,29,0,35,65,79,45,13
2021,4,D,발달상권,1001197,장한평역_2,1492,995,497,4,250,365,402,273,198,3,162,246,264,169,151,1,88,119,138,104,47
2021,4,A,골목상권,1000541,은행정로7길,472,183,289,0,48,98,96,145,85,0,22,40,48,48,25,0,26,58,48,97,60
2021,4,A,골목상권,1000427,증산로9길,606,525,81,0,38,106,204,214,44,0,24,91,183,194,33,0,14,15,21,20,11
2021,4,A,골목상권,1000043,청구로1길,108,72,36,0,2,14,29,43,20,0,1,4,18,35,14,0,1,10,11,8,6
2021,4,A,골목상권,1000703,도신로15길,437,238,199,3,39,85,98,104,108,3,17,42,53,59,64,0,22,43,45,45,44
2021,4,A,골목상권,1000490,신촌로30길,109,64,45,0,11,28,27,17,26,0,8,23,10,4,19,0,3,5,17,13,7
2021,4,A,골목상권,1000791,난곡로34길,47,19,28,0,10,5,13,9,10,0,0,1,5,5,8,0,10,4,8,4,2
2021,4,A,골목상권,1000370,방학로15길,687,454,233,0,106,151,156,156,118,0,55,94,104,99,102,0,51,57,52,57,16
2021,4,R,전통시장,1001430,영등포전통시장,2127,1061,1066,15,396,643,568,341,164,0,131,268,317,230,115,15,265,375,251,111,49
2021,4,A,골목상권,1000223,겸재로36길,134,60,74,0,22,24,29,35,24,0,1,12,14,20,13,0,21,12,15,15,11
2021,4,A,골목상권,1000287,오패산로3길,310,187,123,1,51,73,80,72,33,1,22,41,51,50,22,0,29,32,29,22,11
2021,4,R,전통시장,1001415,방신전통시장,116,81,35,0,15,22,25,29,25,0,12,20,14,14,21,0,3,2,11,15,4
2021,4,D,발달상권,1001078,서울 강남구 강남역_2,9449,4629,4820,28,2791,3376,1834,974,446,8,772,1658,1221,693,277,20,2019,1718,613,281,169
2021,4,A,골목상권,1000148,뚝섬로58길,278,141,137,0,39,45,67,72,55,0,14,27,32,29,39,0,25,18,35,43,16
2021,4,D,발달상권,1001156,서울 강동구 길동역,2628,1190,1438,10,273,433,643,763,506,6,140,259,321,226,238,4,133,174,322,537,268
2021,4,A,골목상권,1000734,국사봉2길,55,34,21,0,2,13,12,17,11,0,2,6,7,11,8,0,0,7,5,6,3
2021,4,A,골목상권,1000929,압구정로2길,1937,1352,585,5,337,640,509,345,101,2,138,450,387,288,87,3,199,190,122,57,14
2021,4,A,골목상권,1000496,와우산로3길,257,176,81,0,29,57,61,76,34,0,11,35,43,60,27,0,18,22,18,16,7
2021,4,A,골목상권,1000137,능동로13길,221,109,112,1,40,57,52,53,18,1,17,32,22,23,14,0,23,25,30,30,4
2021,4,A,골목상권,1000598,우장산로6길,486,298,188,0,159,95,87,89,56,0,81,52,53,68,44,0,78,43,34,21,12
2021,4,A,골목상권,1000008,북촌로5나길,234,113,121,0,47,72,46,35,34,0,13,26,26,24,24,0,34,46,20,11,10
2021,4,A,골목상권,1000415,은평로3길,242,110,132,0,26,61,73,49,33,0,8,23,38,23,18,0,18,38,35,26,15
2021,4,A,골목상권,1000157,용마산로3길,541,431,110,0,112,154,121,81,73,0,92,115,94,62,68,0,20,39,27,19,5
2021,4,A,골목상권,1000543,중앙로32길,145,87,58,1,28,32,35,34,15,1,17,20,19,20,10,0,11,12,16,14,5
2021,4,A,골목상권,1000021,창경궁로35길,787,171,616,0,126,225,255,154,27,0,12,43,63,36,17,0,114,182,192,118,10
2021,4,D,발달상권,1001158,당산역_2,1429,1069,360,0,119,167,235,300,608,0,81,117,157,228,486,0,38,50,78,72,122
2021,4,A,골목상권,1000630,구로동로42길,131,75,56,0,8,21,36,39,27,0,4,15,17,18,21,0,4,6,19,21,6
2021,4,A,골목상권,1000895,논현로10길,454,271,183,1,89,133,103,93,35,0,28,81,74,63,25,1,61,52,29,30,10
2021,4,D,발달상권,1001141,압구정 로데오거리_2,7107,2323,4784,30,2589,2387,1207,556,338,8,550,816,479,272,198,22,2039,1571,728,284,140
2021,4,A,골목상권,1000500,월드컵로19길,284,181,103,0,33,78,72,63,38,0,17,45,41,51,27,0,16,33,31,12,11
2021,4,R,전통시장,1001286,후암시장,15,14,1,0,1,1,1,4,8,0,1,1,1,3,8,0,0,0,0,1,0
2021,4,R,전통시장,1001422,오류시장,132,21,111,0,10,26,46,43,7,0,5,1,4,5,6,0,5,25,42,38,1
2021,4,A,골목상권,1000209,천호대로12길,55,35,20,0,4,9,12,18,12,0,3,3,10,10,9,0,1,6,2,8,3
2021,4,A,골목상권,1000129,광나루로36길,412,169,243,1,56,102,103,110,40,1,18,45,41,33,31,0,38,57,62,77,9
2021,4,A,골목상권,1000044,퇴계로12길,180,103,77,0,26,35,37,28,54,0,11,20,24,16,32,0,15,15,13,12,22
2021,4,R,전통시장,1001470,강남시장_강남,58,33,25,0,13,15,14,8,8,0,7,10,9,2,5,0,6,5,5,6,3
2021,4,D,발달상권,1001128,청담사거리_1,529,295,234,0,153,172,97,61,46,0,46,102,70,40,37,0,107,70,27,21,9
2021,4,A,골목상권,1000156,용마산로21길,396,253,143,0,34,61,105,115,81,0,15,41,60,80,57,0,19,20,45,35,24
2021,4,A,골목상권,1000958,송파대로30길,2240,1393,847,6,486,662,557,351,178,0,190,404,395,260,144,6,296,258,162,91,34
2021,4,A,골목상권,1000296,장위로50길,343,160,183,5,71,71,81,81,34,1,28,34,40,35,22,4,43,37,41,46,12
2021,4,A,골목상권,1000668,범안로11길,1498,819,679,11,165,329,358,438,197,11,105,201,170,219,113,0,60,128,188,219,84
2021,4,R,전통시장,1001479,석촌시장,286,99,187,0,31,57,96,57,45,0,9,12,32,20,26,0,22,45,64,37,19
2021,4,A,골목상권,1000188,서울시립대로29길,368,263,105,1,9,26,29,45,258,1,4,14,12,25,207,0,5,12,17,20,51
2021,4,A,골목상권,1000766,성대로1길,87,43,44,0,6,12,17,33,19,0,1,4,7,17,14,0,5,8,10,16,5
2021,4,D,발달상권,1001147,용산 전자상가_2,392,317,75,12,75,123,122,45,15,10,67,99,93,36,12,2,8,24,29,9,3
2021,4,A,골목상권,1000017,종로24길,1011,716,295,2,92,196,264,245,212,1,63,130,184,177,161,1,29,66,80,68,51
2021,4,A,골목상권,1000926,선릉로133길,739,434,305,2,155,215,162,107,98,1,59,121,107,64,82,1,96,94,55,43,16
2021,4,A,골목상권,1000647,부일로1길,356,321,35,1,10,18,45,129,153,1,6,12,35,120,147,0,4,6,10,9,6
2021,4,A,골목상권,1000522,목동로9길,768,479,289,0,60,160,149,182,217,0,20,88,86,135,150,0,40,72,63,47,67
2021,4,A,골목상권,1000976,동남로85길,635,344,291,0,60,81,112,159,223,0,30,54,56,66,138,0,30,27,56,93,85
2021,4,A,골목상권,1000797,남부순환로161길,347,223,124,1,45,78,77,90,56,1,22,50,54,55,41,0,23,28,23,35,15
2021,4,R,전통시장,1001406,신정3동골목시장,123,81,42,0,2,20,31,25,45,0,0,11,15,17,38,0,2,9,16,8,7
2021,4,A,골목상권,1000312,화랑로1길,1112,811,301,0,36,35,143,177,721,0,19,25,85,121,561,0,17,10,58,56,160
2021,4,A,골목상권,1000123,장터길,90,46,44,0,9,26,19,22,14,0,0,14,7,15,10,0,9,12,12,7,4
2021,4,A,골목상권,1000213,천호대로97길,878,590,288,0,70,82,103,194,429,0,54,64,76,133,263,0,16,18,27,61,166
2021,4,A,골목상권,1000667,문성로5길,379,199,180,2,12,116,135,91,23,2,5,45,71,56,20,0,7,71,64,35,3
2021,4,D,발달상권,1001216,서울 종로구 종로3가역_1,2657,1167,1490,3,418,737,592,496,411,0,113,285,252,256,261,3,305,452,340,240,150
2021,4,A,골목상권,1000118,왕십리로26길,2076,1357,719,10,306,454,471,480,355,1,118,306,356,355,221,9,188,148,115,125,134
2021,4,A,골목상권,1000289,인촌로17가길,90,48,42,0,17,21,21,26,5,0,4,13,11,16,4,0,13,8,10,10,1
2021,4,A,골목상권,1000146,뚝섬로48길,228,134,94,2,32,58,61,52,23,2,20,31,36,28,17,0,12,27,25,24,6
2021,4,A,골목상권,1000938,학동로6길,1447,977,470,3,178,205,353,375,333,3,125,151,242,236,220,0,53,54,111,139,113
2021,4,D,발달상권,1001246,미아사거리_1,210,68,142,0,22,33,48,69,38,0,11,13,15,12,17,0,11,20,33,57,21
2021,4,D,발달상권,1001120,도산공원사거리_1,4075,1954,2121,10,1021,1339,964,526,215,4,264,634,570,323,159,6,757,705,394,203,56
2021,4,A,골목상권,1000928,선릉로18길,466,366,100,7,64,151,114,104,26,4,46,130,97,70,19,3,18,21,17,34,7
2021,4,D,발달상권,1001185,서울 서대문구 신촌역,924,404,520,6,192,225,217,183,101,4,71,88,100,86,55,2,121,137,117,97,46
2021,4,A,골목상권,1000088,고산자로6길,704,495,209,1,92,189,204,129,89,0,63,119,143,94,76,1,29,70,61,35,13
2021,4,R,전통시장,1001303,신성골목시장,19,6,13,0,2,5,7,4,1,0,0,1,2,2,1,0,2,4,5,2,0
2021,4,A,골목상권,1000111,송정12라길,94,48,46,0,12,16,26,18,22,0,3,5,12,10,18,0,9,11,14,8,4
2021,4,D,발달상권,1001236,서울 종로구 안국역_2,810,409,401,2,136,228,242,153,49,0,44,110,126,92,37,2,92,118,116,61,12
2021,4,A,골목상권,1000497,월드컵로10길,1102,654,448,5,220,292,283,208,94,3,90,170,183,142,66,2,130,122,100,66,28
2021,4,A,골목상권,1000169,경희대로4길,41,18,23,0,3,10,10,7,11,0,0,5,5,4,4,0,3,5,5,3,7
2021,4,A,골목상권,1000136,긴고랑로9길,138,51,87,1,18,30,46,34,9,0,2,9,16,19,5,1,16,21,30,15,4
2021,4,D,발달상권,1001239,디지털미디어시티,6727,3880,2847,19,1352,2498,2095,617,146,11,642,1464,1231,421,111,8,710,1034,864,196,35
2021,4,R,전통시장,1001337,유영시장,31,20,11,0,9,5,3,8,6,0,7,2,2,5,4,0,2,3,1,3,2
2021,4,A,골목상권,1000904,도곡로37길,7206,4518,2688,86,2133,1928,1631,1061,367,31,1142,1317,1156,613,259,55,991,611,475,448,108
2021,4,R,전통시장,1001449,남성사계시장,136,59,77,0,21,34,44,21,16,0,3,17,20,7,12,0,18,17,24,14,4
2021,4,A,골목상권,1000244,면목로48길,873,544,329,0,101,145,169,221,237,0,39,75,84,162,184,0,62,70,85,59,53
2021,4,A,골목상권,1000264,돌곶이로27길,103,59,44,0,12,20,26,24,21,0,4,11,17,14,13,0,8,9,9,10,8
2021,4,A,골목상권,1000313,화랑로32길,395,292,103,3,53,133,115,66,25,0,20,105,91,53,23,3,33,28,24,13,2
2021,4,A,골목상권,1000318,덕릉로40길,187,95,92,0,33,34,45,56,19,0,16,26,24,19,10,0,17,8,21,37,9
2021,4,A,골목상권,1000107,성덕정길,227,152,75,0,22,22,61,94,28,0,13,16,41,62,20,0,9,6,20,32,8
2021,4,R,전통시장,1001458,인헌시장,122,46,76,0,20,27,37,24,14,0,3,9,14,12,8,0,17,18,23,12,6
2021,4,D,발달상권,1001083,서울 송파구 석촌역_2,597,380,217,0,22,73,124,174,204,0,10,39,75,102,154,0,12,34,49,72,50
2021,4,A,골목상권,1000022,창신2길,56,26,30,0,0,12,19,13,12,0,0,5,7,6,8,0,0,7,12,7,4
2021,4,A,골목상권,1000508,곰달래로10길,543,449,94,2,30,56,134,232,89,1,20,42,109,195,82,1,10,14,25,37,7
2021,4,A,골목상권,1000553,가로공원로80길,270,175,95,2,23,50,78,75,42,1,13,34,58,44,25,1,10,16,20,31,17
2021,4,A,골목상권,1000134,긴고랑로7길,460,353,107,1,26,46,86,161,140,0,11,26,56,130,130,1,15,20,30,31,10
2021,4,A,골목상권,1000634,구로중앙로28길,470,226,244,0,60,87,127,137,59,0,28,38,62,67,31,0,32,49,65,70,28
2021,4,R,전통시장,1001429,은행나무시장,67,40,27,0,10,12,17,15,13,0,8,7,12,8,5,0,2,5,5,7,8
2021,4,A,골목상권,1000894,논현로106길,1488,1027,461,2,212,449,431,225,169,2,108,318,330,152,117,0,104,131,101,73,52
2021,4,D,발달상권,1001102,서울 강남구 학동역_1,1691,1037,654,2,321,563,365,237,203,1,145,329,229,171,162,1,176,234,136,66,41
2021,4,A,골목상권,1000554,강서로15길,261,152,109,1,21,37,71,86,45,1,13,19,36,48,35,0,8,18,35,38,10
2021,4,A,골목상권,1000109,성수이로7길,1442,895,547,4,242,400,348,227,221,3,133,249,258,144,108,1,109,151,90,83,113
2021,4,R,전통시장,1001336,우림골목시장,344,118,226,2,85,71,81,68,37,0,29,11,36,22,20,2,56,60,45,46,17
2021,4,A,골목상권,1000100,무학봉28길,143,69,74,0,20,39,33,37,14,0,5,17,17,21,9,0,15,22,16,16,5
2021,4,A,골목상권,1000449,증가로23나길,902,441,461,2,115,239,201,155,190,2,28,110,125,68,108,0,87,129,76,87,82
2021,4,R,전통시장,1001281,청평화시장,120,50,70,1,18,26,31,29,15,1,9,13,5,15,7,0,9,13,26,14,8
2021,4,A,골목상권,1000114,아차산로15길,3361,2374,987,11,591,881,893,595,390,0,335,634,661,420,324,11,256,247,232,175,66
2021,4,A,골목상권,1000959,양재대로62길,3230,2137,1093,2,95,370,418,407,1938,1,38,238,296,231,1333,1,57,132,122,176,605
2021,4,R,전통시장,1001362,백운시장,33,14,19,0,0,3,12,10,8,0,0,0,4,3,7,0,0,3,8,7,1
2021,4,A,골목상권,1000485,성지3길,338,228,110,0,44,79,87,97,31,0,21,49,59,69,30,0,23,30,28,28,1
2021,4,R,전통시장,1001453,낙성대시장,10,6,4,0,4,0,3,1,2,0,4,0,0,1,1,0,0,0,3,0,1
2021,4,A,골목상권,1000245,면목로49길,109,67,42,3,14,23,28,27,14,0,5,17,15,20,10,3,9,6,13,7,4
2021,4,D,발달상권,1001209,서울시청,9257,4890,4367,11,2138,2836,2456,1273,543,3,774,1391,1483,854,385,8,1364,1445,973,419,158
2021,4,A,골목상권,1000853,동광로12길,1237,610,627,2,368,326,260,182,99,0,123,167,133,115,72,2,245,159,127,67,27
2021,4,A,골목상권,1000610,개봉로17길,1304,418,886,3,198,196,369,425,113,1,111,105,82,70,49,2,87,91,287,355,64
2021,4,A,골목상권,1000263,돌곶이로22길,61,34,27,0,6,12,14,22,7,0,1,6,10,12,5,0,5,6,4,10,2
2021,4,D,발달상권,1001040,서울 관악구 신림역_3,77,20,57,1,25,8,10,17,16,0,4,2,5,4,5,1,21,6,5,13,11
2021,4,A,골목상권,1000331,삼양로41길,338,275,63,1,17,31,57,103,129,1,9,11,41,94,119,0,8,20,16,9,10
2021,4,R,전통시장,1001424,남문시장,76,47,29,0,4,5,19,22,26,0,1,2,8,12,24,0,3,3,11,10,2
2021,4,D,발달상권,1001109,강남구 논현역_4,4927,2720,2207,15,1205,1491,1235,588,393,4,427,819,851,362,257,11,778,672,384,226,136
2021,4,A,골목상권,1000399,연서로11길,640,263,377,0,197,173,142,98,30,0,47,66,69,59,22,0,150,107,73,39,8
2021,4,A,골목상권,1000253,사가정로42길,183,89,94,0,12,59,63,38,11,0,7,22,28,24,8,0,5,37,35,14,3
2021,4,D,발달상권,1001210,시청역_2,14646,9603,5043,66,2984,4856,4028,2143,569,29,1335,2997,3082,1688,472,37,1649,1859,946,455,97
2021,4,A,골목상권,1000473,마포대로4길,674,365,309,0,97,182,197,143,55,0,28,83,120,94,40,0,69,99,77,49,15
2021,4,A,골목상권,1000185,사가정로23가길,84,46,38,0,6,19,34,19,6,0,4,10,19,10,3,0,2,9,15,9,3
2021,4,R,전통시장,1001349,방천골목시장,92,55,37,0,15,10,26,32,9,0,10,8,13,17,7,0,5,2,13,15,2
2021,4,R,전통시장,1001472,논현종합시장,85,43,42,0,21,14,14,19,17,0,7,7,6,14,9,0,14,7,8,5,8
2021,4,A,골목상권,1000362,도봉로147길,161,81,80,0,9,26,34,51,41,0,7,19,19,18,18,0,2,7,15,33,23
2021,4,D,발달상권,1001095,강남구 논현역_2,9009,5256,3753,44,2476,2549,2126,1249,565,20,1024,1507,1444,849,412,24,1452,1042,682,400,153
2021,4,A,골목상권,1000483,성미산로32길,243,172,71,2,76,80,51,20,14,2,47,62,38,13,10,0,29,18,13,7,4
2021,4,R,전통시장,1001285,합동(새벽)시장,365,209,156,0,60,153,107,41,4,0,15,80,74,38,2,0,45,73,33,3,2
2021,4,A,골목상권,1000342,오패산로67길,238,89,149,0,27,43,50,58,60,0,7,15,22,16,29,0,20,28,28,42,31
2021,4,A,골목상권,1000632,구로동로8길,298,153,145,4,23,37,62,74,98,2,6,13,23,40,69,2,17,24,39,34,29
2021,4,D,발달상권,1001184,서울 마포구 홍대입구역_3,659,386,273,1,102,136,182,138,100,1,33,83,109,92,68,0,69,53,73,46,32
2021,4,A,골목상권,1000742,동작대로35길,190,87,103,0,39,42,45,50,14,0,21,16,21,20,9,0,18,26,24,30,5
2021,4,R,전통시장,1001323,답십리시장,93,40,53,2,19,25,23,11,13,2,4,9,11,6,8,0,15,16,12,5,5
2021,4,A,골목상권,1000862,방배로18길,873,535,338,2,204,317,196,92,62,0,70,192,159,69,45,2,134,125,37,23,17
2021,4,A,골목상권,1000347,한천로124나길,54,23,31,0,7,11,12,15,9,0,2,1,4,8,8,0,5,10,8,7,1
2021,4,D,발달상권,1001021,가산디지털단지역_1,18317,12138,6179,70,3341,5565,4396,2876,2069,36,1695,3791,3237,1957,1422,34,1646,1774,1159,919,647
2021,4,A,골목상권,1000426,증산로5길,508,308,200,0,71,119,142,102,74,0,35,78,76,55,64,0,36,41,66,47,10
2021,4,A,골목상권,1000168,경희대로3길,28,16,12,0,9,4,5,4,6,0,4,3,2,3,4,0,5,1,3,1,2
2021,4,A,골목상권,1000963,오금로11길,1427,884,543,1,182,343,311,338,252,0,64,220,209,197,194,1,118,123,102,141,58
2021,4,A,골목상권,1000218,휘경로14길,113,41,72,0,9,18,22,33,31,0,2,5,10,14,10,0,7,13,12,19,21
2021,4,A,골목상권,1000739,동작대로17길,806,386,420,0,153,270,229,95,59,0,63,117,100,61,45,0,90,153,129,34,14
2021,4,A,골목상권,1000407,연서로33길,109,49,60,0,4,26,25,34,20,0,3,18,11,12,5,0,1,8,14,22,15
2021,4,A,골목상권,1000813,서림7길,116,58,58,1,26,27,23,19,20,1,11,13,9,11,13,0,15,14,14,8,7
2021,4,D,발달상권,1001091,삼성역_2,7062,3420,3642,99,1597,2230,1528,1086,522,37,550,1091,782,576,384,62,1047,1139,746,510,138
2021,4,A,골목상권,1000276,보문로31길,253,128,125,0,20,39,51,79,64,0,11,17,33,41,26,0,9,22,18,38,38
2021,4,A,골목상권,1000953,백제고분로50길,1209,796,413,1,162,369,347,203,127,1,78,251,246,132,88,0,84,118,101,71,39
2021,4,A,골목상권,1000715,신길로39길,56,32,24,0,4,9,19,16,8,0,0,5,11,10,6,0,4,4,8,6,2
2021,4,A,골목상권,1000777,장승배기로27길,260,135,125,0,14,60,66,79,41,0,12,31,32,40,20,0,2,29,34,39,21
2021,4,D,발달상권,1001053,서울 강남구 대치역_1,102,38,64,2,20,21,19,18,22,1,7,5,5,7,13,1,13,16,14,11,9
2021,4,D,발달상권,1001255,서울 은평구 연신내역_3,108,20,88,0,9,15,17,28,39,0,1,5,3,4,7,0,8,10,14,24,32
2021,4,R,전통시장,1001277,방산종합시장,1190,736,454,1,96,200,284,312,297,0,56,117,154,191,218,1,40,83,130,121,79
2021,4,A,골목상권,1000608,화곡로64길,1128,686,442,1,113,166,194,248,406,0,57,104,136,150,239,1,56,62,58,98,167
2021,4,A,골목상권,1000047,퇴계로56길,569,424,145,0,60,157,199,97,56,0,30,112,160,77,45,0,30,45,39,20,11
2021,4,A,골목상권,1000587,등촌로55길,432,323,109,2,36,57,69,114,154,1,19,29,42,92,140,1,17,28,27,22,14
2021,4,A,골목상권,1000468,동교로25길,1378,581,797,1,137,317,270,327,326,0,58,186,180,97,60,1,79,131,90,230,266
2021,4,A,골목상권,1000821,신림로65길,228,175,53,0,2,3,31,27,165,0,1,1,17,17,139,0,1,2,14,10,26
2021,4,R,전통시장,1001358,수유북부시장,20,14,6,0,1,1,7,5,6,0,0,0,6,3,5,0,1,1,1,2,1
2021,4,A,골목상권,1000737,대방동27길,465,223,242,0,65,103,104,127,66,0,13,53,55,60,42,0,52,50,49,67,24
2021,4,A,골목상권,1000520,목동동로8길,184,106,78,0,25,40,53,46,20,0,13,23,28,29,13,0,12,17,25,17,7
2021,4,D,발달상권,1001146,용산구청,1526,755,771,1,159,437,404,431,94,1,43,141,195,298,77,0,116,296,209,133,17
2021,4,A,골목상권,1000846,강남대로8길,1850,1231,619,4,242,449,462,399,294,2,121,304,315,272,217,2,121,145,147,127,77
2021,4,A,골목상권,1000098,무수막길,164,122,42,0,8,19,21,44,72,0,1,11,14,33,63,0,7,8,7,11,9
2021,4,R,전통시장,1001367,상계중앙시장,105,59,46,1,17,22,21,28,16,1,11,15,9,15,8,0,6,7,12,13,8
2021,4,A,골목상권,1000820,신림로64길,113,45,68,1,7,29,35,18,23,0,2,13,10,5,15,1,5,16,25,13,8
2021,4,A,골목상권,1000108,성수이로18길,2988,1968,1020,18,484,709,765,637,375,17,260,480,515,431,265,1,224,229,250,206,110
2021,4,D,발달상권,1001107,방이동 먹자골목,6881,4444,2437,11,1013,2105,1837,1207,708,5,559,1292,1295,854,439,6,454,813,542,353,269
2021,4,R,전통시장,1001463,신림중앙시장,43,27,16,0,1,2,14,12,14,0,0,2,7,9,9,0,1,0,7,3,5
2021,4,A,골목상권,1000877,주흥15길,834,539,295,1,122,201,180,150,180,1,63,121,122,98,134,0,59,80,58,52,46
2021,4,A,골목상권,1000997,올림픽로80길,152,54,98,2,40,35,37,29,9,2,13,9,13,12,5,0,27,26,24,17,4
2021,4,A,골목상권,1000163,자양로53길,170,120,50,1,25,29,47,39,29,1,18,24,29,24,24,0,7,5,18,15,5
2021,4,D,발달상권,1001051,보라매공원,2417,1455,962,6,401,736,707,383,184,4,194,433,450,237,137,2,207,303,257,146,47
2021,4,A,골목상권,1000315,노해로17길,103,56,47,0,11,18,31,34,9,0,3,8,13,26,6,0,8,10,18,8,3
2021,4,A,골목상권,1000042,청구로17길,485,306,179,0,57,91,127,130,80,0,33,62,72,88,51,0,24,29,55,42,29
2021,4,A,골목상권,1000009,삼청로5길,2703,2626,77,1,341,605,820,760,176,0,318,588,805,745,170,1,23,17,15,15,6
2021,4,A,골목상권,1000132,광나루로52길,649,395,254,1,113,132,124,103,176,0,62,97,94,52,90,1,51,35,30,51,86
2021,4,R,전통시장,1001341,길음시장,91,19,72,0,36,24,10,8,13,0,2,5,3,2,7,0,34,19,7,6,6
2021,4,A,골목상권,1000104,상원길,1919,1334,585,6,327,405,312,404,465,4,234,290,208,273,325,2,93,115,104,131,140
2021,4,D,발달상권,1001032,서울 관악구 신림역_2,166,63,103,0,34,48,33,26,25,0,7,11,16,13,16,0,27,37,17,13,9
2021,4,R,전통시장,1001276,평화시장,906,614,292,3,110,289,263,165,76,0,61,164,204,128,57,3,49,125,59,37,19
2021,4,A,골목상권,1000046,퇴계로46길,1098,613,485,12,198,288,308,187,105,7,95,148,154,129,80,5,103,140,154,58,25
2021,4,A,골목상권,1000003,돈화문로11가길,3686,2700,986,5,474,1086,1164,697,260,0,273,731,930,546,220,5,201,355,234,151,40
2021,4,R,전통시장,1001289,용문전통시장,19,10,9,0,2,3,4,6,4,0,1,2,1,4,2,0,1,1,3,2,2
2021,4,A,골목상권,1000281,삼양로8길,147,70,77,0,16,35,46,31,19,0,8,17,21,13,11,0,8,18,25,18,8
2021,4,A,골목상권,1000056,두텁바위로1길,1111,483,628,7,136,259,329,261,119,3,25,84,126,154,91,4,111,175,203,107,28
2021,4,D,발달상권,1001136,오목교역,125,72,53,0,15,24,34,20,32,0,7,15,17,11,22,0,8,9,17,9,10
2021,4,D,발달상권,1001220,서울 종로구 동대문역_2,748,244,504,1,57,140,273,161,116,0,19,39,54,54,78,1,38,101,219,107,38
2021,4,A,골목상권,1000767,성대로29길,297,143,154,0,108,92,50,35,12,0,51,53,23,11,5,0,57,39,27,24,7
2021,4,A,골목상권,1000536,오목로23길,401,155,246,2,45,64,110,123,57,1,16,42,39,31,26,1,29,22,71,92,31
2021,4,A,골목상권,1000210,천호대로17길,2512,1893,619,13,465,723,603,428,280,7,362,536,460,315,213,6,103,187,143,113,67
2021,4,R,전통시장,1001318,청량리전통시장,9,7,2,0,0,0,1,5,3,0,0,0,1,4,2,0,0,0,0,1,1
2021,4,R,전통시장,1001426,대명시장,28,11,17,0,6,7,4,4,7,0,2,3,3,1,2,0,4,4,1,3,5
2021,4,A,골목상권,1001003,천호대로162길,286,149,137,1,36,60,71,60,58,0,20,22,28,38,41,1,16,38,43,22,17
2021,4,R,전통시장,1001325,청량리청과물시장,12,9,3,0,0,1,4,2,5,0,0,1,2,1,5,0,0,0,2,1,0
2021,4,R,전통시장,1001273,남대문시장,8186,3966,4220,71,2160,2561,1905,1091,398,32,750,1294,1199,470,221,39,1410,1267,706,621,177
2021,4,A,골목상권,1000576,공항대로55길,900,577,323,7,232,255,212,131,63,2,105,172,157,91,50,5,127,83,55,40,13
2021,4,A,골목상권,1000325,도봉로8길,6,4,2,0,0,0,0,2,4,0,0,0,0,1,3,0,0,0,0,1,1
2021,4,D,발달상권,1001089,삼정역_1,2277,1123,1154,0,557,776,538,261,145,0,144,352,350,163,114,0,413,424,188,98,31
2021,4,A,골목상권,1000035,동호로11길,337,208,129,0,49,81,97,77,33,0,19,45,67,57,20,0,30,36,30,20,13
2021,4,A,골목상권,1000446,응암로1길,621,380,241,4,102,134,159,150,72,1,38,73,85,125,58,3,64,61,74,25,14
2021,4,D,발달상권,1001067,오류동역,2297,1736,561,4,331,427,533,665,337,3,286,344,402,448,253,1,45,83,131,217,84
2021,4,A,골목상권,1000547,중앙로51길,283,178,105,0,19,25,70,87,82,0,6,14,40,47,71,0,13,11,30,40,11
2021,4,A,골목상권,1000518,목동남로4길,797,494,303,5,67,166,181,180,198,4,40,92,97,113,148,1,27,74,84,67,50
2021,4,A,골목상권,1000378,공릉로58길,129,61,68,0,3,15,32,51,28,0,2,10,14,23,12,0,1,5,18,28,16
2021,4,D,발달상권,1001253,서울 은평구 연신내역_1,70,25,45,0,7,16,18,11,18,0,3,5,5,4,8,0,4,11,13,7,10
2021,4,D,발달상권,1001047,뱅뱅사거리_1,4820,3658,1162,22,864,1522,1100,960,352,20,516,1148,918,778,278,2,348,374,182,182,74
2021,4,A,골목상권,1000954,삼전로13길,1420,916,504,11,252,325,359,238,235,0,108,224,262,144,178,11,144,101,97,94,57
2021,4,D,발달상권,1001116,영등포역_1,77,27,50,0,7,10,13,24,23,0,0,5,7,9,6,0,7,5,6,15,17
2021,4,R,전통시장,1001379,인왕시장,44,7,37,0,1,1,8,7,27,0,0,0,1,3,3,0,1,1,7,4,24
2021,4,A,골목상권,1000712,선유서로25길,1697,1284,413,1,160,357,408,405,366,0,86,290,333,301,274,1,74,67,75,104,92
2021,4,A,골목상권,1001005,천호대로187길,371,200,171,2,49,94,78,87,61,1,13,48,39,50,49,1,36,46,39,37,12
2021,4,A,골목상권,1000282,성북로8길,143,88,55,0,20,34,36,27,26,0,11,16,24,16,21,0,9,18,12,11,5
2021,4,D,발달상권,1001056,서울 송파구 가락시장역,5421,3249,2172,6,997,1596,1330,909,583,2,432,908,878,548,481,4,565,688,452,361,102
2021,4,A,골목상권,1000494,와우산로29가길,989,653,336,5,235,376,221,123,29,5,106,255,160,105,22,0,129,121,61,18,7
2021,4,A,골목상권,1000720,양평로22라길,555,299,256,0,82,126,147,125,75,0,28,77,86,58,50,0,54,49,61,67,25
2021,4,A,골목상권,1000299,정릉로8길,1407,1165,242,15,213,430,343,240,166,14,151,387,297,213,103,1,62,43,46,27,63
2021,4,A,골목상권,1000396,서오릉로8길,160,104,56,0,8,30,67,36,19,0,5,23,44,17,15,0,3,7,23,19,4
2021,4,A,골목상권,1000886,강남대로118길,218,91,127,0,19,47,65,43,44,0,1,15,37,16,22,0,18,32,28,27,22
2021,4,A,골목상권,1000548,중앙로55길,592,261,331,1,41,96,161,178,115,1,23,57,79,64,37,0,18,39,82,114,78
2021,4,A,골목상권,1000149,뚝섬로64길,239,127,112,1,37,35,74,52,40,0,18,18,33,29,29,1,19,17,41,23,11
2021,4,A,골목상권,1001001,천중로39길,574,375,199,0,41,93,155,144,141,0,14,51,84,100,126,0,27,42,71,44,15
2021,4,A,골목상권,1000038,동호로8길,386,160,226,0,57,89,87,78,75,0,24,37,41,23,35,0,33,52,46,55,40
2021,4,A,골목상권,1000629,구로동로41길,119,79,40,0,15,18,42,33,11,0,12,9,29,20,9,0,3,9,13,13,2
2021,4,A,골목상권,1000199,장한로27가길,148,81,67,0,29,32,22,32,33,0,18,25,13,10,15,0,11,7,9,22,18
2021,4,A,골목상권,1000061,신흥로20길,178,118,60,0,26,36,57,37,22,0,11,27,40,27,13,0,15,9,17,10,9
2021,4,A,골목상권,1000250,봉화산로30길,139,38,101,0,14,33,33,29,30,0,2,8,6,7,15,0,12,25,27,22,15
2021,4,A,골목상권,1000241,면목로21길,54,37,17,0,2,8,16,20,8,0,1,4,10,16,6,0,1,4,6,4,2
2021,4,A,골목상권,1000012,옥인길,58,32,26,0,9,9,14,17,9,0,3,2,9,10,8,0,6,7,5,7,1
2021,4,A,골목상권,1000285,안암로5길,960,743,217,1,167,267,210,167,148,0,106,203,160,142,132,1,61,64,50,25,16
2021,4,A,골목상권,1000990,양재대로91길,358,230,128,1,50,81,101,73,52,1,32,54,60,45,38,0,18,27,41,28,14
2021,4,D,발달상권,1001177,서울 중구 약수역_2,210,91,119,0,38,38,48,50,36,0,7,13,21,28,22,0,31,25,27,22,14
2021,4,A,골목상권,1000574,공항대로38길,92,49,43,0,5,14,32,21,20,0,2,9,15,10,13,0,3,5,17,11,7
2021,4,A,골목상권,1000561,강서로47길,327,146,181,0,33,70,120,77,27,0,13,29,47,38,19,0,20,41,73,39,8
2021,4,D,발달상권,1001230,인사동,26072,14829,11243,1264,8971,6611,4868,3002,1356,589,4272,3742,3219,2172,835,675,4699,2869,1649,830,521
2021,4,A,골목상권,1000711,선유서로24길,114,70,44,1,10,16,24,33,30,0,5,10,15,22,18,1,5,6,9,11,12
2021,4,R,전통시장,1001370,역촌중앙시장,9,3,6,0,0,1,2,2,4,0,0,0,1,1,1,0,0,1,1,1,3
2021,4,A,골목상권,1000208,천장산로7길,74,32,42,0,18,16,19,15,6,0,5,9,8,7,3,0,13,7,11,8,3
2021,4,A,골목상권,1000580,공항대로8길,276,172,104,0,28,52,65,57,74,0,14,33,42,39,44,0,14,19,23,18,30
2021,4,A,골목상권,1000586,등촌로51길,239,137,102,0,19,43,91,56,30,0,7,21,57,30,22,0,12,22,34,26,8
2021,4,A,골목상권,1000113,아차산로11길,3213,2213,1000,24,466,775,870,728,350,23,279,564,615,470,262,1,187,211,255,258,88
2021,4,A,골목상권,1000105,서울숲2길,335,196,139,0,46,89,104,57,39,0,18,45,59,39,35,0,28,44,45,18,4
2021,4,A,골목상권,1000903,논현로8길,1081,701,380,2,154,229,217,204,275,0,85,164,121,128,203,2,69,65,96,76,72
2021,4,A,골목상권,1000273,보국문로16길,181,97,84,0,16,34,53,42,36,0,3,14,26,27,27,0,13,20,27,15,9
2021,4,A,골목상권,1000477,매봉산로2길,806,601,205,1,89,201,277,186,52,0,49,149,223,142,38,1,40,52,54,44,14
2021,4,R,전통시장,1001331,면목골목시장,45,21,24,0,1,3,15,20,6,0,1,2,8,6,4,0,0,1,7,14,2
2021,4,A,골목상권,1000429,진흥로12길,392,144,248,6,50,101,107,85,43,5,27,26,32,29,25,1,23,75,75,56,18
2021,4,A,골목상권,1000176,답십리로68길,287,158,129,0,31,65,60,81,50,0,14,32,36,40,36,0,17,33,24,41,14
2021,4,A,골목상권,1000140,능동로3길,71,45,26,0,6,15,19,16,15,0,0,9,15,11,10,0,6,6,4,5,5
2021,4,A,골목상권,1000868,사평대로57길,65,33,32,0,6,20,19,16,4,0,0,8,13,8,4,0,6,12,6,8,0
2021,4,R,전통시장,1001369,갈현시장,287,186,101,3,77,126,59,16,6,2,43,92,37,7,5,1,34,34,22,9,1
2021,4,A,골목상권,1000242,면목로33길,86,28,58,1,6,19,14,23,23,0,3,5,6,9,5,1,3,14,8,14,18
2021,4,A,골목상권,1000912,봉은사로109길,2837,2093,744,7,630,1231,611,243,115,0,363,947,506,190,87,7,267,284,105,53,28
2021,4,R,전통시장,1001373,신응암시장,17,10,7,0,0,3,2,5,7,0,0,0,1,3,6,0,0,3,1,2,1
2021,4,D,발달상권,1001171,서울 마포구 공덕역_2,3697,2404,1293,9,703,874,1094,916,101,1,276,466,760,822,79,8,427,408,334,94,22
2021,4,A,골목상권,1000279,삼선교로10다길,38,17,21,0,3,3,11,15,6,0,0,2,9,5,1,0,3,1,2,10,5
2021,4,A,골목상권,1000053,녹사평대로40나길,46,21,25,2,6,12,12,11,3,2,5,5,3,5,1,0,1,7,9,6,2
2021,4,A,골목상권,1000037,동호로20길,2429,1304,1125,3,321,667,667,599,172,2,111,288,353,409,141,1,210,379,314,190,31
2021,4,A,골목상권,1000517,남부순환로88길,328,124,204,2,33,45,72,109,67,0,8,27,30,34,25,2,25,18,42,75,42
2021,4,A,골목상권,1000119,왕십리로31길,208,95,113,1,23,49,58,41,36,1,7,17,24,19,27,0,16,32,34,22,9
2021,4,A,골목상권,1000384,상계로9가길,151,82,69,0,17,33,49,29,23,0,7,24,22,15,14,0,10,9,27,14,9
2021,4,A,골목상권,1000295,장월로1길,74,19,55,2,18,14,17,13,10,0,3,2,6,4,4,2,15,12,11,9,6
2021,4,A,골목상권,1000814,승방길,251,141,110,0,39,60,56,48,48,0,15,38,25,31,32,0,24,22,31,17,16
2021,4,A,골목상권,1000905,도산대로15길,123,65,58,0,31,39,28,18,7,0,16,25,14,6,4,0,15,14,14,12,3
2021,4,A,골목상권,1000931,영동대로112길,9367,7734,1633,10,2213,3740,2287,833,284,4,1808,3118,1885,682,237,6,405,622,402,151,47
2021,4,A,골목상권,1000857,동산로19길,1276,633,643,1,108,185,369,347,266,1,51,107,160,136,178,0,57,78,209,211,88
2021,4,R,전통시장,1001452,중부시장,102,40,62,1,5,10,22,39,25,0,2,3,7,16,12,1,3,7,15,23,13
2021,4,A,골목상권,1000326,도봉로99길,250,155,95,0,31,61,81,54,23,0,27,42,43,26,17,0,4,19,38,28,6
2021,4,A,골목상권,1000646,부일로15길,156,107,49,0,25,29,36,35,31,0,12,19,27,23,26,0,13,10,9,12,5
2021,4,R,전통시장,1001489,둔촌역전통시장,224,108,116,0,44,51,45,47,37,0,17,25,17,23,26,0,27,26,28,24,11
2021,4,D,발달상권,1001064,대림역_1,340,205,135,0,54,89,92,69,36,0,24,58,58,39,26,0,30,31,34,30,10
2021,4,D,발달상권,1001217,서울 종로구 종로5가역_1,22,9,13,0,0,4,5,6,7,0,0,0,5,0,4,0,0,4,0,6,3
2021,4,A,골목상권,1000618,경인로31길,130,61,69,0,15,23,34,32,26,0,10,10,11,16,14,0,5,13,23,16,12
2021,4,A,골목상권,1001004,천호대로170길,303,177,126,1,24,44,66,58,110,1,17,32,41,26,60,0,7,12,25,32,50
2021,4,A,골목상권,1000831,조원중앙로2길,921,694,227,0,121,277,215,238,70,0,78,210,165,189,52,0,43,67,50,49,18
2021,4,A,골목상권,1000145,뚝섬로24길,111,66,45,0,8,12,28,22,41,0,3,5,17,10,31,0,5,7,11,12,10
2021,4,D,발달상권,1001178,서울 마포구 홍대입구역_1,1618,826,792,6,370,510,369,227,136,2,131,237,204,143,109,4,239,273,165,84,27
2021,4,A,골목상권,1000849,남부순환로325길,1477,1061,416,6,401,451,309,152,158,2,244,339,233,108,135,4,157,112,76,44,23
2021,4,A,골목상권,1000616,개봉로3길,273,139,134,0,50,51,43,36,93,0,15,20,20,21,63,0,35,31,23,15,30
2021,4,A,골목상권,1000575,공항대로42길,514,323,191,0,99,151,117,89,58,0,31,91,84,71,46,0,68,60,33,18,12
2021,4,R,전통시장,1001363,쌍문역골목시장,61,14,47,0,1,2,3,26,29,0,0,2,1,0,11,0,1,0,2,26,18
2021,4,R,전통시장,1001378,아현가구거리상점가,45,22,23,0,6,8,9,9,13,0,0,4,5,4,9,0,6,4,4,5,4
2021,4,D,발달상권,1001174,등촌역,64,37,27,0,5,11,6,12,30,0,1,6,5,5,20,0,4,5,1,7,10
2021,4,A,골목상권,1000811,봉천로13길,241,86,155,0,39,72,52,65,13,0,5,28,18,30,5,0,34,44,34,35,8
2021,4,A,골목상권,1000656,금하로14길,96,65,31,0,5,14,27,29,21,0,3,11,15,20,16,0,2,3,12,9,5
2021,4,A,골목상권,1000952,백제고분로46길,665,472,193,3,58,92,145,215,152,3,30,59,102,154,124,0,28,33,43,61,28
2021,4,R,전통시장,1001447,상도4동도깨비골목시장,95,49,46,0,11,23,33,14,14,0,5,10,18,7,9,0,6,13,15,7,5
2021,4,A,골목상권,1000524,목동중앙로13나길,346,248,98,0,40,53,73,94,86,0,23,41,57,80,47,0,17,12,16,14,39
2021,4,A,골목상권,1000699,도림로112길,30,19,11,0,3,2,11,9,5,0,3,1,7,3,5,0,0,1,4,6,0
2021,4,A,골목상권,1000083,한강대로88길,224,138,86,0,26,67,46,49,36,0,23,63,25,14,13,0,3,4,21,35,23
2021,4,A,골목상권,1000856,동산로10길,2158,1493,665,8,481,731,479,295,164,3,309,521,350,193,117,5,172,210,129,102,47
2021,4,R,전통시장,1001296,금남시장,36,13,23,0,6,7,8,4,11,0,1,0,5,2,5,0,5,7,3,2,6
2021,4,R,전통시장,1001302,면곡골목시장,49,35,14,0,8,8,7,18,8,0,6,8,5,10,6,0,2,0,2,8,2
2021,4,A,골목상권,1000030,다산로33길,320,201,119,0,68,80,79,57,36,0,35,56,53,30,27,0,33,24,26,27,9
2021,4,A,골목상권,1000558,강서로35길,280,120,160,0,21,43,85,79,52,0,8,14,38,31,29,0,13,29,47,48,23
2021,4,D,발달상권,1001099,포스코사거리_2,16526,9641,6885,35,3383,5942,3993,2176,997,22,1593,3762,2691,1088,485,13,1790,2180,1302,1088,512
2021,4,A,골목상권,1000546,중앙로47길,94,40,54,2,13,19,24,22,14,0,1,6,17,11,5,2,12,13,7,11,9
2021,4,A,골목상권,1000120,왕십리로6길,538,350,188,5,63,120,121,156,73,4,30,77,70,117,52,1,33,43,51,39,21
2021,4,A,골목상권,1000829,조원로10길,397,215,182,1,38,105,82,96,75,0,12,55,50,53,45,1,26,50,32,43,30
2021,4,R,전통시장,1001350,숭인시장,62,27,35,0,9,13,10,15,15,0,0,4,1,9,13,0,9,9,9,6,2
2021,4,A,골목상권,1000942,마천로51길,417,245,172,0,44,97,84,123,69,0,31,60,39,61,54,0,13,37,45,62,15
2021,4,A,골목상권,1000622,고척로27길,309,167,142,1,48,127,55,55,23,0,18,67,33,34,15,1,30,60,22,21,8
2021,4,D,발달상권,1001170,공덕역,2092,1198,894,4,366,628,544,439,111,2,105,315,337,351,88,2,261,313,207,88,23
2021,4,R,전통시장,1001290,이촌종합시장,109,78,31,0,13,19,25,26,26,0,7,12,15,21,23,0,6,7,10,5,3
2021,4,R,전통시장,1001329,동부골목시장,179,59,120,1,20,41,38,44,35,0,1,8,7,22,21,1,19,33,31,22,14
2021,4,A,골목상권,1000649,신도림로13길,148,100,48,1,18,30,33,40,26,1,8,20,22,30,19,0,10,10,11,10,7
2021,4,D,발달상권,1001079,석촌역,170,135,35,0,27,70,24,22,27,0,11,59,20,20,25,0,16,11,4,2,2
2021,4,R,전통시장,1001309,조양시장,31,19,12,0,11,7,8,5,0,0,6,5,4,4,0,0,5,2,4,1,0
2021,4,A,골목상권,1000124,청계천로10나길,4951,3728,1223,29,338,805,1117,1783,879,26,215,591,896,1330,670,3,123,214,221,453,209
2021,4,D,발달상권,1001092,강남구 논현역_1,2284,1208,1076,3,451,700,552,394,184,0,171,406,335,168,128,3,280,294,217,226,56
2021,4,R,전통시장,1001305,자양종합시장,14,10,4,0,0,1,6,6,1,0,0,1,4,4,1,0,0,0,2,2,0
2021,4,A,골목상권,1000751,사당로23나길,36,21,15,0,3,7,11,12,3,0,3,4,6,5,3,0,0,3,5,7,0
2021,4,A,골목상권,1000243,면목로45길,454,364,90,2,39,85,147,138,43,2,24,56,117,124,41,0,15,29,30,14,2
2021,4,A,골목상권,1000652,중앙로15길,171,106,65,2,12,23,37,63,34,2,9,13,17,36,29,0,3,10,20,27,5
2021,4,D,발달상권,1001098,포스코사거리_1,22702,15610,7092,46,3298,9107,6757,2364,1130,8,1415,5813,5586,2043,745,38,1883,3294,1171,321,385
2021,4,A,골목상권,1000328,삼양로20길,179,168,11,0,7,12,34,65,61,0,4,11,31,62,60,0,3,1,3,3,1
2021,4,D,발달상권,1001029,양재역_1,515,305,210,23,75,151,116,89,61,14,33,97,72,58,31,9,42,54,44,31,30
2021,4,A,골목상권,1000481,성미산로11길,1114,807,307,9,182,312,292,194,125,9,92,221,223,158,104,0,90,91,69,36,21
2021,4,D,발달상권,1001143,서울 용산구 신용산역,979,675,304,1,135,259,255,238,91,1,68,168,196,167,75,0,67,91,59,71,16
2021,4,A,골목상권,1000236,동일로149길,870,749,121,0,174,268,189,223,16,0,134,228,162,211,14,0,40,40,27,12,2
2021,4,A,골목상권,1000406,연서로29길,100,60,40,2,18,20,25,20,15,1,9,13,11,14,12,1,9,7,14,6,3
2021,4,A,골목상권,1000458,광성로6길,295,169,126,1,19,52,63,76,84,1,9,26,34,43,56,0,10,26,29,33,28
2021,4,A,골목상권,1000753,사당로29길,128,78,50,0,27,34,27,19,21,0,7,21,17,14,19,0,20,13,10,5,2
2021,4,A,골목상권,1000382,상계로12길,144,90,54,0,18,20,31,48,27,0,10,12,15,31,22,0,8,8,16,17,5
2021,4,R,전통시장,1001269,동문시장,3,1,2,0,0,2,0,0,1,0,0,0,0,0,1,0,0,2,0,0,0
2021,4,A,골목상권,1000983,성내로5길,1005,650,355,3,163,196,202,258,183,2,85,101,117,172,173,1,78,95,85,86,10
2021,4,R,전통시장,1001271,동묘시장,474,223,251,5,158,102,93,73,43,5,44,36,58,44,36,0,114,66,35,29,7
2021,4,A,골목상권,1000174,답십리로63길,1747,1051,696,39,1368,283,39,14,4,23,781,204,32,7,4,16,587,79,7,7,0
2021,4,A,골목상권,1000676,시흥대로22길,259,143,116,0,44,58,66,63,28,0,24,34,28,40,17,0,20,24,38,23,11
2021,4,A,골목상권,1000596,양천로71길,1203,752,451,6,177,261,301,283,175,5,89,195,170,155,138,1,88,66,131,128,37
2021,4,A,골목상권,1000604,화곡로20길,355,193,162,2,31,70,76,115,61,1,20,45,43,53,31,1,11,25,33,62,30
2021,4,R,전통시장,1001414,송화골목시장,119,44,75,2,23,18,25,33,18,0,6,7,9,13,9,2,17,11,16,20,9
2021,4,D,발달상권,1001030,양재역_2,2634,1725,909,2,352,900,732,471,177,1,190,676,507,237,114,1,162,224,225,234,63
2021,4,A,골목상권,1000371,방학로5길,124,87,37,0,13,21,38,33,19,0,7,16,28,23,13,0,6,5,10,10,6
2021,4,R,전통시장,1001272,신설종합시장,50,37,13,1,1,10,12,13,13,0,0,9,10,10,8,1,1,1,2,3,5
2021,4,A,골목상권,1000227,답십리로75길,57,33,24,0,9,8,18,14,8,0,1,3,11,10,8,0,8,5,7,4,0
2021,4,R,전통시장,1001446,성대시장,141,55,86,0,13,25,36,47,20,0,3,10,13,17,12,0,10,15,23,30,8
2021,4,A,골목상권,1000946,백제고분로32길,725,407,318,2,56,151,206,197,113,2,29,78,109,112,77,0,27,73,97,85,36
2021,4,A,골목상권,1000716,신길로42가길,210,90,120,0,28,42,60,55,25,0,11,22,17,21,19,0,17,20,43,34,6
2021,4,A,골목상권,1000735,국사봉길,138,79,59,0,6,30,44,35,23,0,2,15,20,25,17,0,4,15,24,10,6
2021,4,D,발달상권,1001082,선릉역_2,26260,16412,9848,126,4246,8056,7407,4252,2173,12,1820,4971,5188,3102,1319,114,2426,3085,2219,1150,854
2021,4,A,골목상권,1000040,삼일대로4길,1571,1113,458,3,249,467,441,280,131,1,120,323,320,237,112,2,129,144,121,43,19
2021,4,A,골목상권,1000631,구로동로7길,115,71,44,0,20,12,24,36,23,0,13,3,12,22,21,0,7,9,12,14,2
2021,4,A,골목상권,1000801,남현2길,568,398,170,0,90,149,146,121,62,0,45,104,107,91,51,0,45,45,39,30,11
2021,4,A,골목상권,1000778,흑석로13길,77,33,44,0,10,16,23,16,12,0,1,6,12,6,8,0,9,10,11,10,4
2021,4,A,골목상권,1000433,통일로87길,255,130,125,0,18,32,65,66,74,0,4,10,34,34,48,0,14,22,31,32,26
2021,4,D,발달상권,1001203,명동거리,8147,4244,3903,32,1358,2124,2323,1377,933,16,569,976,1265,853,565,16,789,1148,1058,524,368
2021,4,D,발달상권,1001132,영등포유통상가,1504,962,542,0,141,324,377,305,357,0,75,184,247,208,248,0,66,140,130,97,109
2021,4,A,골목상권,1000901,논현로28길,2736,1826,910,11,696,753,524,354,398,5,338,444,374,296,369,6,358,309,150,58,29
2021,4,D,발달상권,1001101,선정릉역_2,3758,2684,1074,10,776,1205,853,538,376,6,330,834,718,462,334,4,446,371,135,76,42
2021,4,D,발달상권,1001061,방배동카페골목,374,218,156,0,34,102,100,85,53,0,14,70,60,37,37,0,20,32,40,48,16
2021,4,A,골목상권,1000705,도신로60길,124,51,73,0,13,18,16,43,34,0,4,11,5,24,7,0,9,7,11,19,27
2021,4,A,골목상권,1000142,동일로18길,79,54,25,0,3,17,28,24,7,0,2,8,19,19,6,0,1,9,9,5,1
2021,4,A,골목상권,1000020,지봉로8길,183,90,93,0,31,43,41,44,24,0,6,21,19,25,19,0,25,22,22,19,5
2021,4,A,골목상권,1000566,강서로8길,214,125,89,0,12,44,62,64,32,0,6,27,36,32,24,0,6,17,26,32,8
2021,4,A,골목상권,1000033,다산로39길,39,19,20,0,2,3,6,16,12,0,0,1,0,10,8,0,2,2,6,6,4
2021,4,D,발달상권,1001126,서울 양천구 신정네거리역_2,28,18,10,0,2,6,6,9,5,0,2,4,1,6,5,0,0,2,5,3,0
2021,4,R,전통시장,1001468,남부종합시장,85,63,22,0,2,8,25,35,15,0,1,8,16,24,14,0,1,0,9,11,1
2021,4,A,골목상권,1000569,곰달래로25길,245,139,106,0,37,27,45,84,52,0,19,16,33,53,18,0,18,11,12,31,34
2021,4,D,발달상권,1001187,한양시장,55,30,25,0,6,10,13,13,13,0,4,6,4,9,7,0,2,4,9,4,6
2021,4,A,골목상권,1000272,동소문로6길,62,28,34,0,8,14,14,13,13,0,0,4,10,5,9,0,8,10,4,8,4
2021,4,A,골목상권,1000166,천호대로123길,625,282,343,2,51,92,152,199,129,1,13,41,65,85,77,1,38,51,87,114,52
2021,4,A,골목상권,1000836,행운1길,250,151,99,0,59,67,50,55,19,0,34,29,31,40,17,0,25,38,19,15,2
2021,4,D,발달상권,1001176,서울 중구 약수역_1,24,6,18,0,2,3,6,4,9,0,0,0,3,0,3,0,2,3,3,4,6
2021,4,A,골목상권,1000660,독산로108길,1619,1443,176,0,28,95,100,130,1266,0,11,61,52,86,1233,0,17,34,48,44,33
2021,4,D,발달상권,1001181,서울 광진구 군자역,621,342,279,2,92,145,187,123,72,2,34,79,101,71,55,0,58,66,86,52,17
2021,4,A,골목상권,1000413,은평로13길,655,283,372,0,59,76,149,218,153,0,22,32,67,91,71,0,37,44,82,127,82
2021,4,A,골목상권,1000405,연서로28길,226,118,108,2,43,53,52,45,31,1,14,32,25,28,18,1,29,21,27,17,13
2021,4,R,전통시장,1001356,수유중앙시장,13,8,5,0,0,2,1,1,9,0,0,1,1,0,6,0,0,1,0,1,3
2021,4,A,골목상권,1000744,등용로14길,409,134,275,1,33,43,103,171,58,0,9,21,39,28,37,1,24,22,64,143,21
2021,4,A,골목상권,1000571,곰달래로47길,333,218,115,5,61,88,78,56,45,2,32,58,52,36,38,3,29,30,26,20,7
2021,4,A,골목상권,1000969,고덕로25길,143,91,52,0,23,30,28,34,28,0,12,26,16,19,18,0,11,4,12,15,10
2021,4,A,골목상권,1000682,시흥대로94길,446,164,282,0,66,112,98,110,60,0,39,32,28,39,26,0,27,80,70,71,34
2021,4,A,골목상권,1000930,언주로81길,5810,3989,1821,29,1001,1754,1592,924,510,8,529,1193,1198,684,377,21,472,561,394,240,133
2021,4,A,골목상권,1000692,대림로22길,190,98,92,0,18,21,43,55,53,0,8,9,23,26,32,0,10,12,20,29,21
2021,4,A,골목상권,1000639,남부순환로97길,101,48,53,0,4,14,29,38,16,0,1,5,11,18,13,0,3,9,18,20,3
2021,4,R,전통시장,1001315,동서시장,5,3,2,0,0,0,1,2,2,0,0,0,1,0,2,0,0,0,0,2,0
2021,4,R,전통시장,1001377,영천시장,35,19,16,0,1,4,15,10,5,0,0,3,7,5,4,0,1,1,8,5,1
2021,4,A,골목상권,1000573,곰달래로60길,221,146,75,0,22,42,50,50,57,0,16,27,26,34,43,0,6,15,24,16,14
2021,4,A,골목상권,1000695,대림로34길,201,139,62,0,19,27,56,67,32,0,15,16,40,41,27,0,4,11,16,26,5
2021,4,A,골목상권,1000847,고무래로8길,5479,3568,1911,15,604,1376,1561,1030,893,7,305,850,1168,689,549,8,299,526,393,341,344
2021,4,A,골목상권,1000239,망우로68길,107,44,63,0,13,21,26,31,16,0,1,7,13,12,11,0,12,14,13,19,5
2021,4,R,전통시장,1001264,통인시장,59,29,30,0,4,14,11,12,18,0,2,4,6,6,11,0,2,10,5,6,7
2021,4,D,발달상권,1001094,선정릉역_1,2392,1492,900,10,559,766,516,304,237,4,250,435,381,213,209,6,309,331,135,91,28
2021,4,A,골목상권,1000467,동교로19길,1207,739,468,0,219,307,271,243,167,0,84,173,208,157,117,0,135,134,63,86,50
2021,4,A,골목상권,1000707,디지털로37길,172,55,117,0,15,32,46,43,36,0,2,12,18,12,11,0,13,20,28,31,25
2021,4,A,골목상권,1000369,방학로10길,67,51,16,0,6,11,21,11,18,0,6,7,13,11,14,0,0,4,8,0,4
2021,4,A,골목상권,1000858,방배천로4안길,959,401,558,1,262,281,181,126,108,0,63,103,96,68,71,1,199,178,85,58,37
2021,4,A,골목상권,1000606,화곡로44나길,625,559,66,0,14,42,87,210,272,0,6,22,71,198,262,0,8,20,16,12,10
2021,4,D,발달상권,1001169,서울 용산구 숙대입구역,3807,1436,2371,7,395,840,1369,1110,86,1,233,512,475,190,25,6,162,328,894,920,61
2021,4,A,골목상권,1000736,노량진로6길,307,204,103,1,32,58,78,86,52,1,18,40,44,60,41,0,14,18,34,26,11
2021,4,A,골목상권,1000398,역말로9길,159,82,77,0,17,26,50,40,26,0,14,13,21,15,19,0,3,13,29,25,7
2021,4,R,전통시장,1001439,대림중앙시장,42,29,13,3,10,10,11,3,5,2,8,6,8,1,4,1,2,4,3,2,1
2021,4,A,골목상권,1000511,곰달래로5길,211,125,86,0,13,40,49,71,38,0,7,19,30,43,26,0,6,21,19,28,12
2021,4,A,골목상권,1000462,도화길,56,32,24,0,5,10,10,14,17,0,2,7,5,7,11,0,3,3,5,7,6
2021,4,A,골목상권,1000032,다산로38길,674,311,363,2,139,174,176,116,67,1,35,63,92,74,46,1,104,111,84,42,21
2021,4,A,골목상권,1000804,당곡길,227,117,110,0,43,41,56,58,29,0,26,18,26,28,19,0,17,23,30,30,10
2021,4,A,골목상권,1000793,난우길,217,121,96,1,36,43,39,50,48,0,22,25,24,19,31,1,14,18,15,31,17
2021,4,A,골목상권,1000360,도봉로114길,380,143,237,2,55,89,81,91,62,0,16,27,34,37,29,2,39,62,47,54,33
2021,4,A,골목상권,1000542,중앙로25길,97,61,36,0,1,9,28,37,22,0,0,5,19,29,8,0,1,4,9,8,14
2021,4,R,전통시장,1001411,남부골목시장,156,58,98,0,22,27,45,41,21,0,5,4,14,18,17,0,17,23,31,23,4
2021,4,D,발달상권,1001152,서울 광진구 강변역,1337,859,478,4,265,348,335,234,151,1,114,246,250,153,95,3,151,102,85,81,56
2021,4,A,골목상권,1000768,신대방길,191,90,101,0,23,50,60,30,28,0,6,17,30,18,19,0,17,33,30,12,9
2021,4,R,전통시장,1001399,경창시장,53,23,30,0,2,5,12,16,18,0,1,1,5,9,7,0,1,4,7,7,11
2021,4,A,골목상권,1000283,솔샘로6길,74,48,26,0,7,19,28,13,7,0,4,15,16,8,5,0,3,4,12,5,2
2021,4,A,골목상권,1000689,당산로37길,2439,1483,956,19,663,502,399,447,409,12,375,310,253,283,250,7,288,192,146,164,159
2021,4,R,전통시장,1001386,신수시장,34,19,15,0,4,7,12,5,6,0,1,5,5,4,4,0,3,2,7,1,2
2021,4,A,골목상권,1000590,방화대로6라길,653,413,240,1,97,165,199,139,52,0,47,101,136,93,36,1,50,64,63,46,16
2021,4,R,전통시장,1001345,새석관시장,3,1,2,0,0,0,1,2,0,0,0,0,0,1,0,0,0,0,1,1,0
2021,4,A,골목상권,1000888,강남대로140길,1433,810,623,0,220,350,332,298,233,0,73,178,196,184,179,0,147,172,136,114,54
2021,4,A,골목상권,1000198,장한로26길,2436,1696,740,12,476,578,585,488,297,9,328,403,363,343,250,3,148,175,222,145,47
2021,4,A,골목상권,1000025,통일로12길,13,6,7,0,2,3,3,3,2,0,1,1,1,2,1,0,1,2,2,1,1
2021,4,A,골목상권,1000470,동교로38길,464,247,217,1,52,132,156,71,52,1,23,57,106,30,30,0,29,75,50,41,22
2021,4,D,발달상권,1001041,서울 강남구 수서역,12418,6339,6079,23,1900,3177,3167,2346,1805,12,860,1669,1497,1232,1069,11,1040,1508,1670,1114,736
2021,4,A,골목상권,1000063,우사단로14길,1987,984,1003,9,439,854,523,137,25,2,107,386,353,120,16,7,332,468,170,17,9
2021,4,R,전통시장,1001348,동북시장,121,49,72,0,9,23,37,29,23,0,4,8,17,9,11,0,5,15,20,20,12
2021,4,R,전통시장,1001376,수일시장,7,2,5,0,0,2,1,2,2,0,0,0,0,1,1,0,0,2,1,1,1
2021,4,R,전통시장,1001282,약수시장,271,105,166,2,42,47,71,59,50,2,9,9,29,24,32,0,33,38,42,35,18
2021,4,D,발달상권,1001090,삼정역_2,1162,721,441,11,222,280,175,174,300,1,78,173,123,126,220,10,144,107,52,48,80
2021,4,A,골목상권,1000357,도당로19길,597,66,531,0,19,44,162,324,48,0,7,17,12,19,11,0,12,27,150,305,37
2021,4,A,골목상권,1000967,강동대로53길,1092,726,366,5,197,269,263,211,147,5,120,193,175,132,101,0,77,76,88,79,46
2021,4,A,골목상권,1000609,개봉로11길,181,97,84,0,33,31,36,51,30,0,8,18,17,32,22,0,25,13,19,19,8
2021,4,A,골목상권,1000219,휘경로23길,89,56,33,0,15,16,34,16,8,0,5,13,21,9,8,0,10,3,13,7,0
2021,4,D,발달상권,1001044,양재역_3,9025,5664,3361,25,1429,2300,2050,1750,1471,5,710,1447,1476,1051,975,20,719,853,574,699,496
2021,4,D,발달상권,1001035,매봉역,5760,4107,1653,28,1174,2073,1523,704,258,17,590,1568,1293,506,133,11,584,505,230,198,125
2021,4,R,전통시장,1001354,우이시장,69,61,8,0,7,7,19,20,16,0,6,6,17,17,15,0,1,1,2,3,1
2021,4,R,전통시장,1001390,망원시장,173,81,92,0,16,30,44,48,35,0,13,19,19,15,15,0,3,11,25,33,20
2021,4,A,골목상권,1000741,동작대로33길,170,88,82,3,27,28,56,33,23,2,7,17,29,17,16,1,20,11,27,16,7
2021,4,A,골목상권,1000661,독산로40길,219,75,144,4,21,35,58,83,18,4,10,15,20,17,9,0,11,20,38,66,9
2021,4,A,골목상권,1000644,디지털로32길,815,435,380,0,136,331,158,118,72,0,43,184,83,71,54,0,93,147,75,47,18
2021,4,A,골목상권,1000439,북아현로4길,350,225,125,0,48,47,49,88,118,0,19,24,22,66,94,0,29,23,27,22,24
2021,4,A,골목상권,1000186,사가정로2길,268,177,91,1,16,26,41,32,152,0,8,22,24,20,103,1,8,4,17,12,49
2021,4,A,골목상권,1000719,양평로19길,748,436,312,0,120,147,190,201,90,0,57,86,114,115,64,0,63,61,76,86,26
2021,4,A,골목상권,1000472,마포대로20길,483,258,225,1,58,94,114,110,106,0,27,60,58,55,58,1,31,34,56,55,48
2021,4,A,골목상권,1000704,도신로29길,108,49,59,2,8,10,19,32,37,2,5,7,11,8,16,0,3,3,8,24,21
2021,4,A,골목상권,1000368,도봉산길,135,64,71,0,15,25,35,30,30,0,3,8,18,14,21,0,12,17,17,16,9
2021,4,A,골목상권,1000922,삼성로69길,2064,1086,978,2,296,446,473,418,429,1,119,256,258,215,237,1,177,190,215,203,192
2021,4,A,골목상권,1000909,도산대로50길,2685,1863,822,14,578,836,645,433,179,6,329,540,493,349,146,8,249,296,152,84,33
2021,4,A,골목상권,1000625,공원로6가길,1158,755,403,0,142,320,322,283,91,0,69,217,230,178,61,0,73,103,92,105,30
2021,4,A,골목상권,1000126,한림말길,355,174,181,1,79,77,101,69,28,0,37,44,55,23,15,1,42,33,46,46,13
2021,4,A,골목상권,1000687,국회대로56길,3275,1590,1685,11,1017,864,657,456,270,6,291,404,382,299,208,5,726,460,275,157,62
2021,4,A,골목상권,1000001,계동길,842,388,454,0,97,160,190,191,204,0,30,55,85,75,143,0,67,105,105,116,61
2021,4,D,발달상권,1001012,양재 화물트럭터미널앞_1,1944,1643,301,2,511,660,400,294,77,0,367,593,358,261,64,2,144,67,42,33,13
2021,4,A,골목상권,1000807,미성5길,309,154,155,2,38,36,51,93,89,2,17,23,32,46,34,0,21,13,19,47,55
2021,4,D,발달상권,1001215,서울 종로구 광화문역_1,12759,8498,4261,19,2101,4333,4038,1864,404,3,968,2698,2991,1519,319,16,1133,1635,1047,345,85
2021,4,D,발달상권,1001019,포이사거리_1,192,141,51,1,18,37,48,29,59,1,9,22,35,18,56,0,9,15,13,11,3
2021,4,D,발달상권,1001201,서울 중구 신당역_1,277,142,135,0,39,41,59,61,77,0,10,15,31,33,53,0,29,26,28,28,24
2021,4,A,골목상권,1000833,청룡8길,222,53,169,0,28,63,63,50,18,0,5,18,8,12,10,0,23,45,55,38,8
2021,4,A,골목상권,1000971,구천면로36길,32,14,18,0,3,6,9,12,2,0,0,3,4,5,2,0,3,3,5,7,0
2021,4,A,골목상권,1000772,여의대방로22카길,346,202,144,1,17,30,65,93,140,1,14,20,34,39,94,0,3,10,31,54,46
2021,4,A,골목상권,1000664,독산로70길,74,31,43,0,4,7,18,22,23,0,0,4,6,9,12,0,4,3,12,13,11
2021,4,D,발달상권,1001241,혜화역 대학로_2,334,256,78,1,14,37,100,137,45,0,4,28,86,114,24,1,10,9,14,23,21
2021,4,D,발달상권,1001257,서울 강북구 수유역_2,2284,1108,1176,9,237,589,586,598,265,8,75,219,262,390,154,1,162,370,324,208,111
2021,4,A,골목상권,1000948,백제고분로34길,1779,1368,411,7,253,345,323,395,456,7,181,288,247,282,363,0,72,57,76,113,93
2021,4,A,골목상권,1000466,동교로17길,405,240,165,0,53,88,104,99,61,0,19,46,69,61,45,0,34,42,35,38,16
2021,4,A,골목상권,1000291,개운사길,150,83,67,0,15,21,46,46,22,0,9,15,24,22,13,0,6,6,22,24,9
2021,4,A,골목상권,1000058,백범로90길,535,288,247,0,62,133,161,112,67,0,28,71,89,57,43,0,34,62,72,55,24
2021,4,A,골목상권,1000611,개봉로17다길,2362,1606,756,32,828,926,311,196,69,16,483,719,222,113,53,16,345,207,89,83,16
2021,4,A,골목상권,1000654,가산로3길,999,756,243,6,107,211,252,240,183,6,87,176,196,175,116,0,20,35,56,65,67
2021,4,A,골목상권,1000693,대림로29길,964,624,340,2,59,121,217,295,270,0,34,72,127,194,197,2,25,49,90,101,73
2021,4,A,골목상권,1000599,월정로20길,135,31,104,0,12,32,40,34,17,0,5,8,7,2,9,0,7,24,33,32,8
2021,4,A,골목상권,1000626,구로동로15길,88,50,38,0,17,11,20,27,13,0,7,8,13,13,9,0,10,3,7,14,4
2021,4,A,골목상권,1000233,동일로139가길,187,81,106,1,26,31,50,48,31,1,7,10,22,20,21,0,19,21,28,28,10
2021,4,A,골목상권,1000461,도화4길,825,292,533,3,106,132,200,241,143,2,72,69,43,36,70,1,34,63,157,205,73
2021,4,A,골목상권,1000161,자양로45길,448,184,264,1,67,86,153,110,31,0,20,45,60,42,17,1,47,41,93,68,14
2021,4,U,관광특구,1001495,잠실 관광특구,24375,14199,10176,120,4722,6565,5617,4514,2837,51,2484,4186,3496,2297,1685,69,2238,2379,2121,2217,1152
2021,4,A,골목상권,1000583,남부순환로11길,307,201,106,0,28,79,95,70,35,0,13,49,60,49,30,0,15,30,35,21,5
2021,4,A,골목상권,1000842,원신길,22,11,11,2,2,5,3,5,5,0,1,4,0,2,4,2,1,1,3,3,1
2021,4,A,골목상권,1000875,신반포로45길,1192,625,567,5,182,294,295,217,199,5,62,146,179,116,117,0,120,148,116,101,82
2021,4,A,골목상권,1000521,목동로19길,351,190,161,2,32,95,121,66,35,1,11,46,68,43,21,1,21,49,53,23,14
2021,4,A,골목상권,1000452,충정로6길,3185,1879,1306,0,221,848,1105,936,75,0,116,593,639,477,54,0,105,255,466,459,21
2021,4,A,골목상권,1000840,양산길,11,3,8,0,1,1,4,4,1,0,1,0,1,1,0,0,0,1,3,3,1
2021,4,A,골목상권,1000672,시흥대로138길,341,246,95,0,68,87,64,86,36,0,54,72,44,49,27,0,14,15,20,37,9
2021,4,A,골목상권,1000101,무학봉길,22,11,11,0,2,3,3,8,6,0,0,1,1,5,4,0,2,2,2,3,2
2021,4,D,발달상권,1001188,장충동 족발거리,2100,985,1115,12,557,716,521,206,88,0,101,354,339,143,48,12,456,362,182,63,40
2021,4,R,전통시장,1001421,개봉중앙시장,10,7,3,0,0,0,3,5,2,0,0,0,3,2,2,0,0,0,0,3,0
2021,4,A,골목상권,1000900,논현로26길,17916,5148,12768,76,2984,3579,6443,3961,873,37,1351,1737,1106,547,370,39,1633,1842,5337,3414,503
2021,4,R,전통시장,1001278,남평화시장,5,3,2,0,0,4,0,0,1,0,0,2,0,0,1,0,0,2,0,0,0
2021,4,D,발달상권,1001017,관악구 사당역_3,1538,1135,403,4,331,452,424,252,75,3,210,340,339,191,52,1,121,112,85,61,23
2021,4,A,골목상권,1000139,능동로34길,1018,676,342,3,162,214,218,210,211,0,85,145,144,139,163,3,77,69,74,71,48
2021,4,A,골목상권,1000761,상도로62길,332,179,153,1,42,71,80,74,64,0,22,34,50,31,42,1,20,37,30,43,22
2021,4,A,골목상권,1000981,상암로5길,271,99,172,0,39,43,66,57,66,0,6,14,29,25,25,0,33,29,37,32,41
2021,4,R,전통시장,1001375,증산종합시장,8,5,3,0,0,1,2,2,3,0,0,0,1,2,2,0,0,1,1,0,1
2021,4,A,골목상권,1000228,동일로100길,328,240,88,0,41,42,51,96,98,0,17,25,28,79,91,0,24,17,23,17,7
2021,4,D,발달상권,1001207,서울 중구 신당역_2,939,534,405,8,164,218,215,172,162,2,71,121,118,114,108,6,93,97,97,58,54
2021,4,R,전통시장,1001436,사러가시장,57,35,22,0,1,15,20,19,2,0,1,7,12,13,2,0,0,8,8,6,0
2021,4,A,골목상권,1000082,한강대로7길,722,462,260,7,153,146,135,114,167,4,88,97,96,68,109,3,65,49,39,46,58
2021,4,A,골목상권,1000408,연서로34길,1310,709,601,0,8,27,40,168,1067,0,5,7,16,76,605,0,3,20,24,92,462
2021,4,R,전통시장,1001408,신월중앙시장,118,53,65,0,28,34,26,13,17,0,8,12,11,9,13,0,20,22,15,4,4
2021,4,A,골목상권,1000410,연서로41길,64,33,31,0,3,9,18,27,7,0,1,3,7,16,6,0,2,6,11,11,1
2021,4,D,발달상권,1001193,장한평역_1,1129,748,381,9,71,173,200,159,517,6,24,91,123,104,400,3,47,82,77,55,117
2021,4,A,골목상권,1000992,양재대로96길,197,131,66,2,29,45,51,37,33,1,18,33,32,24,23,1,11,12,19,13,10
2021,4,R,전통시장,1001412,화곡본동시장,36,16,20,0,3,5,10,13,5,0,1,3,5,6,1,0,2,2,5,7,4
2021,4,R,전통시장,1001365,공릉동도깨비시장,98,47,51,0,12,22,23,25,16,0,4,8,9,15,11,0,8,14,14,10,5
2021,4,R,전통시장,1001301,중곡제일시장,111,68,43,0,15,21,29,24,22,0,7,14,20,10,17,0,8,7,9,14,5
2021,4,D,발달상권,1001165,서울 광진구 건대입구역_2,529,268,261,5,120,99,97,96,112,2,32,39,53,63,79,3,88,60,44,33,33
2021,4,D,발달상권,1001251,서울 강북구 미아삼거리역_1,140,86,54,0,25,28,28,31,28,0,10,16,20,18,22,0,15,12,8,13,6
2021,4,D,발달상권,1001085,서울 서초구 강남역,19954,10752,9202,87,3785,5943,5391,3023,1725,20,1295,3113,3321,1925,1078,67,2490,2830,2070,1098,647
2021,4,R,전통시장,1001444,상도전통시장,239,104,135,0,33,60,53,58,35,0,12,23,23,24,22,0,21,37,30,34,13
2021,4,A,골목상권,1000455,통일로39길,67,32,35,0,5,8,21,20,13,0,0,3,9,9,11,0,5,5,12,11,2
2021,4,D,발달상권,1001122,여의도 시범아파트앞,10435,6976,3459,52,1305,2401,3558,2563,556,20,676,1603,2081,2202,394,32,629,798,1477,361,162
2021,4,D,발달상권,1001025,서울 관악구 서울대입구역_1,1502,797,705,13,298,353,337,255,246,7,119,184,177,137,173,6,179,169,160,118,73
2021,4,A,골목상권,1000375,우이천로32길,206,83,123,0,34,28,64,48,32,0,10,7,27,17,22,0,24,21,37,31,10
2021,4,D,발달상권,1001186,서울 서대문구 이대역,380,160,220,4,75,78,102,73,48,1,27,28,38,31,35,3,48,50,64,42,13
2021,4,A,골목상권,1000516,남부순환로79길,142,74,68,0,17,21,24,40,40,0,5,10,8,21,30,0,12,11,16,19,10
2021,4,R,전통시장,1001423,독산동 우시장,611,476,135,2,31,74,126,196,182,0,16,55,97,145,163,2,15,19,29,51,19
2021,4,A,골목상권,1000307,한천로101가길,15,9,6,0,1,1,3,4,6,0,0,1,1,2,5,0,1,0,2,2,1
2021,4,A,골목상권,1000643,디지털로32가길,2221,1322,899,3,425,729,552,311,201,2,218,459,354,158,131,1,207,270,198,153,70
2021,4,A,골목상권,1000298,정릉로27길,75,30,45,0,8,13,22,22,10,0,1,8,8,8,5,0,7,5,14,14,5
2021,4,A,골목상권,1000280,삼선교로16가길,99,42,57,0,7,9,20,25,38,0,4,7,13,11,7,0,3,2,7,14,31
2021,4,A,골목상권,1000235,동일로140길,432,314,118,0,28,49,111,128,116,0,18,27,65,99,105,0,10,22,46,29,11
2021,4,D,발달상권,1001034,서울 서초구 방배역,1690,910,780,8,419,514,370,225,154,0,149,295,241,125,100,8,270,219,129,100,54
2021,4,R,전통시장,1001402,신월6동골목시장,141,103,38,1,17,36,39,32,16,0,10,27,33,18,15,1,7,9,6,14,1
2021,4,A,골목상권,1000057,백범로79길,899,560,339,3,106,256,270,165,99,2,45,159,182,104,68,1,61,97,88,61,31
2021,4,R,전통시장,1001488,성내골목시장,30,18,12,0,1,5,8,10,6,0,1,2,5,7,3,0,0,3,3,3,3
2021,4,A,골목상권,1000073,청파로47길,192,87,105,1,18,35,64,39,35,1,7,16,27,16,20,0,11,19,37,23,15
2021,4,A,골목상권,1000336,솔매로45길,65,32,33,0,4,17,14,17,13,0,2,5,6,11,8,0,2,12,8,6,5
2021,4,A,골목상권,1000594,양천로26길,479,377,102,0,59,114,112,108,86,0,45,83,83,87,79,0,14,31,29,21,7
2021,4,A,골목상권,1000911,도산대로89길,1284,730,554,9,309,361,276,206,123,2,163,236,173,87,69,7,146,125,103,119,54
2021,4,A,골목상권,1000152,아차산로51길,432,110,322,1,52,89,175,86,29,1,11,11,38,33,16,0,41,78,137,53,13
2021,4,A,골목상권,1000162,자양로50길,218,121,97,0,34,47,57,43,37,0,10,20,34,28,29,0,24,27,23,15,8
2021,4,D,발달상권,1001018,포이사거리_2,7673,5359,2314,17,1162,2384,2019,1264,827,8,642,1643,1564,898,604,9,520,741,455,366,223
2021,4,D,발달상권,1001205,동대문역사문화공원역,3166,2548,618,0,385,890,987,596,308,0,324,761,830,438,195,0,61,129,157,158,113
2021,4,A,골목상권,1000393,갈현로7길,398,205,193,0,63,112,108,91,24,0,28,67,51,40,19,0,35,45,57,51,5
2021,4,A,골목상권,1000775,장승배기로10길,223,90,133,0,25,37,45,71,45,0,7,21,23,24,15,0,18,16,22,47,30
2021,4,A,골목상권,1000605,화곡로31길,618,375,243,1,157,138,102,113,107,0,64,79,67,76,89,1,93,59,35,37,18
2021,4,A,골목상권,1000980,상암로51길,302,122,180,0,55,50,55,76,66,0,16,27,31,29,19,0,39,23,24,47,47
2021,4,A,골목상권,1000465,독막로8길,441,274,167,4,67,106,116,91,57,3,36,55,75,63,42,1,31,51,41,28,15
2021,4,A,골목상권,1000093,마장로27길,197,92,105,1,38,51,38,49,20,0,16,21,15,27,13,1,22,30,23,22,7
2021,4,A,골목상권,1000070,이태원로27길,567,430,137,1,86,123,136,165,56,1,40,79,114,149,47,0,46,44,22,16,9
2021,4,A,골목상권,1000007,북촌로5길,503,419,84,0,31,177,156,102,37,0,19,150,133,88,29,0,12,27,23,14,8
2021,4,A,골목상권,1000879,청두곶길,1446,795,651,2,116,308,439,383,198,0,46,169,206,247,127,2,70,139,233,136,71
2021,4,A,골목상권,1000600,초록마을로3길,439,355,84,0,19,52,59,72,237,0,5,30,35,59,226,0,14,22,24,13,11
2021,4,A,골목상권,1000067,원효로53길,341,222,119,7,30,72,85,86,61,6,16,51,61,50,38,1,14,21,24,36,23
2021,4,A,골목상권,1000827,장군봉1길,326,166,160,0,65,82,77,69,33,0,14,46,40,39,27,0,51,36,37,30,6
2021,4,D,발달상권,1001161,건대입구역,24,11,13,0,5,2,5,8,4,0,2,2,2,3,2,0,3,0,3,5,2
2021,4,A,골목상권,1000231,동일로123길,145,74,71,0,14,26,41,29,35,0,6,13,21,12,22,0,8,13,20,17,13
2021,4,A,골목상권,1000206,제기로21길,101,62,39,0,11,28,43,13,6,0,6,19,27,7,3,0,5,9,16,6,3
2021,4,A,골목상권,1000860,바우뫼로39길,2648,1935,713,5,381,541,630,561,530,2,207,383,453,428,462,3,174,158,177,133,68
2021,4,A,골목상권,1000320,도봉로13길,13,8,5,0,1,0,2,6,4,0,1,0,1,4,2,0,0,0,1,2,2
2021,4,D,발달상권,1001173,서울 강동구 명일역,671,252,419,4,81,104,172,176,134,2,33,41,65,57,54,2,48,63,107,119,80
2021,4,A,골목상권,1000852,논현로27길,2808,2146,662,10,460,690,692,452,504,7,279,507,545,364,444,3,181,183,147,88,60
2021,4,A,골목상권,1000506,효창원로93길,243,99,144,0,40,54,49,65,35,0,15,25,23,20,16,0,25,29,26,45,19
2021,4,A,골목상권,1000031,다산로36길,91,55,36,0,2,14,27,34,14,0,0,9,18,18,10,0,2,5,9,16,4
2021,4,A,골목상권,1000906,도산대로23길,425,176,249,0,64,130,144,68,19,0,22,54,61,27,12,0,42,76,83,41,7
2021,4,D,발달상권,1001245,서울 성북구 성신여대입구역,2865,1629,1236,11,290,743,775,869,177,5,119,304,436,638,127,6,171,439,339,231,50
2021,4,A,골목상권,1000663,독산로64길,186,152,34,0,6,10,16,67,87,0,2,4,11,52,83,0,4,6,5,15,4
2021,4,A,골목상권,1000438,모래내로15길,74,54,20,0,12,13,23,22,4,0,8,9,17,17,3,0,4,4,6,5,1
2021,4,A,골목상권,1000588,등촌로5길,1524,514,1010,1,516,518,267,168,54,0,84,198,122,74,36,1,432,320,145,94,18
2021,4,A,골목상권,1000832,중앙길,99,30,69,0,11,15,25,31,17,0,1,4,5,10,10,0,10,11,20,21,7
2021,4,U,관광특구,1001493,동대문패션타운 관광특구,6054,2958,3096,36,1434,1695,1160,1061,668,13,543,737,662,600,403,23,891,958,498,461,265
2021,4,D,발달상권,1001225,신설동역,118,54,64,0,4,24,33,31,26,0,3,9,10,14,18,0,1,15,23,17,8
2021,4,R,전통시장,1001454,봉천제일종합시장,6,1,5,0,4,0,2,0,0,0,0,0,1,0,0,0,4,0,1,0,0
2021,4,D,발달상권,1001189,서울 중구 명동역,3595,1952,1643,8,546,1084,980,656,321,5,233,628,546,375,165,3,313,456,434,281,156
2021,4,D,발달상권,1001086,고속터미널역,2010,1612,398,18,204,298,637,631,222,5,102,206,555,565,179,13,102,92,82,66,43
2021,4,A,골목상권,1000491,양화로11길,2761,1012,1749,6,608,1181,713,206,47,3,155,424,267,130,33,3,453,757,446,76,14
2021,4,A,골목상권,1000054,녹사평대로46길,43,19,24,0,3,7,14,8,11,0,0,2,6,3,8,0,3,5,8,5,3
2021,4,D,발달상권,1001224,서울 동대문구 신설동역_1,1543,677,866,1,155,220,264,365,538,0,38,73,128,150,288,1,117,147,136,215,250
2021,4,A,골목상권,1000344,인수봉로72길,54,18,36,0,7,6,20,12,9,0,1,3,4,5,5,0,6,3,16,7,4
2021,4,A,골목상권,1000955,송이로23길,1850,1269,581,3,252,419,411,367,398,1,128,286,289,250,315,2,124,133,122,117,83
2021,4,A,골목상권,1000809,법원단지길,16,5,11,0,0,1,7,6,2,0,0,0,0,3,2,0,0,1,7,3,0
2021,4,A,골목상권,1000851,논현로1길,1227,780,447,5,269,367,293,191,102,4,136,232,193,136,79,1,133,135,100,55,23
2021,4,A,골목상권,1000190,약령시로17길,109,77,32,0,14,31,31,25,8,0,9,21,21,19,7,0,5,10,10,6,1
2021,4,R,전통시장,1001360,창동골목시장,84,47,37,0,19,30,14,8,13,0,7,20,9,5,6,0,12,10,5,3,7
2021,4,D,발달상권,1001045,동작구 총신대입구역_1,327,125,202,2,49,51,76,79,70,0,18,15,30,23,39,2,31,36,46,56,31
2021,4,A,골목상권,1000260,중랑천로10길,207,109,98,0,18,51,79,42,17,0,6,26,37,28,12,0,12,25,42,14,5
2021,4,A,골목상권,1000635,구로중앙로34길,189,149,40,2,59,41,49,25,13,0,49,29,37,22,12,2,10,12,12,3,1
2021,4,A,골목상권,1000577,공항대로59길,654,454,200,1,78,129,159,159,128,1,30,86,105,122,110,0,48,43,54,37,18
2021,4,A,골목상권,1000026,평창길,6654,2605,4049,1,565,1950,2602,1390,146,0,195,822,1204,275,109,1,370,1128,1398,1115,37
2021,4,A,골목상권,1000201,장한로5길,314,189,125,0,58,81,61,58,56,0,28,43,40,34,44,0,30,38,21,24,12
2021,4,R,전통시장,1001484,양지골목시장,60,36,24,0,6,8,14,17,15,0,6,5,5,10,10,0,0,3,9,7,5
2021,4,A,골목상권,1000019,종로65길,275,157,118,2,17,42,75,91,48,0,5,19,38,66,29,2,12,23,37,25,19
2021,4,D,발달상권,1001013,양재 화물트럭터미널앞_2,843,619,224,12,155,219,213,164,80,10,109,147,155,132,66,2,46,72,58,32,14
2021,4,R,전통시장,1001333,중화제일시장,69,30,39,0,8,14,25,14,8,0,3,6,15,5,1,0,5,8,10,9,7
2021,4,A,골목상권,1000202,장한로8길,438,295,143,0,68,64,84,126,96,0,25,40,55,91,84,0,43,24,29,35,12
2021,4,A,골목상권,1000918,삼성로147길,190,88,102,0,51,56,34,25,24,0,12,31,19,12,14,0,39,25,15,13,10
2021,4,A,골목상권,1000620,경인로47길,657,264,393,0,151,142,153,155,56,0,45,47,53,77,42,0,106,95,100,78,14
2021,4,A,골목상권,1000755,사당로30길,514,180,334,3,172,121,96,69,53,0,29,33,35,38,45,3,143,88,61,31,8
2021,4,A,골목상권,1000642,디지털로27길,26,20,6,0,1,1,10,6,8,0,1,1,6,4,8,0,0,0,4,2,0
2021,4,R,전통시장,1001428,박미시장,39,26,13,0,1,6,11,9,12,0,0,2,7,8,9,0,1,4,4,1,3
2021,4,R,전통시장,1001459,신원시장,42,21,21,0,3,4,13,15,7,0,1,2,4,9,5,0,2,2,9,6,2
2021,4,D,발달상권,1001129,청담사거리_2,1289,759,530,6,320,326,293,227,117,1,135,207,187,153,76,5,185,119,106,74,41
2021,4,A,골목상권,1000388,한글비석로44길,232,95,137,0,15,31,49,69,68,0,9,19,21,24,22,0,6,12,28,45,46
2021,4,A,골목상권,1000480,백범로16길,1908,1298,610,76,553,567,401,199,112,27,327,413,325,141,65,49,226,154,76,58,47
2021,4,A,골목상권,1000076,청파로73길,248,128,120,1,40,63,61,45,38,0,11,26,27,29,35,1,29,37,34,16,3
2021,4,A,골목상권,1000011,숭인동길,329,133,196,0,51,55,75,89,59,0,20,24,32,31,26,0,31,31,43,58,33
2021,4,A,골목상권,1000254,사가정로54길,122,47,75,0,22,22,28,34,16,0,1,8,14,15,9,0,21,14,14,19,7
2021,4,R,전통시장,1001322,동부시장,14,9,5,0,0,0,1,1,12,0,0,0,0,0,9,0,0,0,1,1,3
2021,4,A,골목상권,1000191,왕산로32길,129,64,65,0,36,41,16,21,15,0,11,18,10,14,11,0,25,23,6,7,4
2021,4,A,골목상권,1000051,녹사평대로26길,494,230,264,3,187,187,67,32,18,2,55,96,49,17,11,1,132,91,18,15,7
2021,4,D,발달상권,1001048,뱅뱅사거리,7114,4891,2223,10,2469,2239,1346,623,427,1,1628,1518,1004,443,297,9,841,721,342,180,130
2021,4,A,골목상권,1000207,제기로5길,45,39,6,0,1,9,15,9,11,0,1,8,12,8,10,0,0,1,3,1,1
2021,4,A,골목상권,1000353,노해로63다길,43,19,24,0,5,6,9,16,7,0,0,1,5,7,6,0,5,5,4,9,1
2021,4,A,골목상권,1000756,사당로8길,131,70,61,0,16,19,41,37,18,0,2,9,24,22,13,0,14,10,17,15,5
2021,4,A,골목상권,1000956,송이로32길,1295,733,562,5,123,230,291,259,387,3,68,138,182,135,207,2,55,92,109,124,180
2021,4,A,골목상권,1000217,한천로46길,257,101,156,1,29,69,82,62,14,1,9,32,26,26,7,0,20,37,56,36,7
2021,4,A,골목상권,1000197,장한로26가길,122,87,35,0,9,21,43,35,14,0,5,17,29,26,10,0,4,4,14,9,4
2021,4,A,골목상권,1000014,율곡로16길,235,143,92,2,19,55,70,59,30,0,6,28,49,36,24,2,13,27,21,23,6
2021,4,A,골목상권,1000935,테헤란로81길,1637,791,846,12,460,575,329,151,110,1,176,265,179,88,82,11,284,310,150,63,28
2021,4,A,골목상권,1000075,청파로71길,1317,727,590,1,193,334,322,264,203,0,71,146,153,183,174,1,122,188,169,81,29
2021,4,D,발달상권,1001133,청담사거리_3,1376,693,683,3,362,384,263,218,146,1,111,193,145,133,110,2,251,191,118,85,36
2021,4,A,골목상권,1000882,효령로34길,1015,653,362,1,167,364,200,154,129,1,87,239,141,96,89,0,80,125,59,58,40
2021,4,A,골목상권,1000072,장문로45길,242,106,136,0,23,76,58,39,46,0,2,34,16,19,35,0,21,42,42,20,11
2021,4,D,발달상권,1001015,서울 금천구 독산1동_1,716,485,231,3,109,178,212,141,73,2,68,108,159,101,47,1,41,70,53,40,26
2021,4,A,골목상권,1000738,대방동2길,281,134,147,0,29,70,56,90,36,0,10,41,31,36,16,0,19,29,25,54,20
2021,4,A,골목상권,1000924,선릉로121길,2263,1243,1020,11,606,680,396,300,270,6,276,266,271,238,186,5,330,414,125,62,84
2021,4,D,발달상권,1001049,개봉동 현대아파트 인근,271,126,145,0,35,62,70,60,44,0,12,22,36,35,21,0,23,40,34,25,23
2021,4,A,골목상권,1000795,남부순환로142길,418,252,166,1,29,55,141,130,62,1,21,36,88,62,44,0,8,19,53,68,18
2021,4,A,골목상권,1000977,명일로13길,302,182,120,0,25,47,57,99,74,0,15,24,33,48,62,0,10,23,24,51,12
2021,4,A,골목상권,1000843,소담길,14,4,10,0,0,1,4,3,6,0,0,0,0,0,4,0,0,1,4,3,2
2021,4,A,골목상권,1000627,구로동로28길,42,18,24,0,5,2,11,19,5,0,1,0,7,8,2,0,4,2,4,11,3
2021,4,A,골목상권,1000549,지양로7길,245,105,140,0,21,64,59,55,46,0,5,31,21,18,30,0,16,33,38,37,16
2021,4,R,전통시장,1001478,방이시장,3469,1526,1943,5,449,529,612,1126,748,4,159,335,346,371,311,1,290,194,266,755,437
2021,4,R,전통시장,1001300,화양제일골목시장,43,11,32,0,5,12,16,7,3,0,0,3,6,1,1,0,5,9,10,6,2
2021,4,A,골목상권,1000638,구로중앙로8길,107,41,66,0,18,18,28,24,19,0,5,6,9,10,11,0,13,12,19,14,8
2021,4,A,골목상권,1000800,남부순환로248길,404,213,191,2,62,135,96,72,37,0,23,74,50,45,21,2,39,61,46,27,16
2021,4,R,전통시장,1001392,동진시장,10,6,4,0,1,1,4,3,1,0,1,1,1,2,1,0,0,0,3,1,0
2021,4,A,골목상권,1000881,효령로31길,2710,2198,512,43,852,1074,535,128,78,39,643,920,447,95,54,4,209,154,88,33,24
2021,4,A,골목상권,1000110,성수일로6길,1342,928,414,8,190,288,317,277,262,4,98,171,236,198,221,4,92,117,81,79,41
2021,4,A,골목상권,1000229,동일로101길,202,58,144,1,26,33,37,80,25,0,6,13,14,18,7,1,20,20,23,62,18
2021,4,A,골목상권,1000939,학동로77길,1851,1119,732,6,381,700,403,247,114,2,173,446,262,158,78,4,208,254,141,89,36
2021,4,A,골목상권,1000189,서울시립대로4길,404,264,140,3,83,95,79,87,57,3,57,62,45,57,40,0,26,33,34,30,17
2021,4,A,골목상권,1000740,동작대로29길,224,49,175,5,24,36,38,73,48,2,8,15,10,7,7,3,16,21,28,66,41
2021,4,R,전통시장,1001275,인현시장,167,123,44,0,3,25,47,54,38,0,3,16,35,40,29,0,0,9,12,14,9
2021,4,A,골목상권,1000698,대림로8길,234,113,121,0,18,50,52,75,39,0,1,19,23,42,28,0,17,31,29,33,11
2021,4,A,골목상권,1000962,양재대로72길,245,124,121,0,21,31,61,72,60,0,8,15,22,35,44,0,13,16,39,37,16
2021,4,A,골목상권,1000762,서달로10길,51,28,23,0,6,12,13,8,12,0,4,6,4,5,9,0,2,6,9,3,3
2021,4,A,골목상권,1000170,난계로30길,4980,2233,2747,6,308,1206,1793,1441,226,1,159,768,738,451,116,5,149,438,1055,990,110
2021,4,R,전통시장,1001332,사가정시장,86,28,58,0,13,17,24,19,13,0,0,3,6,8,11,0,13,14,18,11,2
2021,4,D,발달상권,1001023,가산디지털단지역_2,25194,16241,8953,85,5050,8187,6217,3248,2407,52,2642,5394,4445,2032,1676,33,2408,2793,1772,1216,731
2021,4,D,발달상권,1001259,서울 강북구 수유역_3,70,36,34,0,6,19,21,15,9,0,0,10,12,7,7,0,6,9,9,8,2
2021,4,D,발달상권,1001200,북창동,5197,3160,2037,24,1010,1611,1149,767,636,2,391,936,852,543,436,22,619,675,297,224,200
2021,4,R,전통시장,1001460,관악신사시장,120,63,57,0,17,20,27,37,19,0,5,10,16,20,12,0,12,10,11,17,7
2021,4,D,발달상권,1001057,교대역_2,3971,2510,1461,2,682,1375,1042,592,278,0,324,870,701,418,197,2,358,505,341,174,81
2021,4,D,발달상권,1001042,서울 서초구 남부터미널역_3,3060,1217,1843,9,1047,753,631,416,204,4,293,320,308,154,138,5,754,433,323,262,66
2021,4,R,전통시장,1001476,풍납시장,51,20,31,0,7,3,10,22,9,0,4,2,2,7,5,0,3,1,8,15,4
2021,4,D,발달상권,1001233,서울 종로구 종로3가역_3,2136,1442,694,10,380,643,602,363,138,3,183,437,467,254,98,7,197,206,135,109,40
2021,4,A,골목상권,1000204,전농로3길,170,120,50,0,20,32,33,59,26,0,13,24,21,43,19,0,7,8,12,16,7
2021,4,A,골목상권,1000885,서초중앙로8길,21671,11288,10383,22,4691,4980,3921,7112,945,5,1405,2288,1748,5131,711,17,3286,2692,2173,1981,234
2021,4,D,발달상권,1001196,시청역_1,24904,15705,9199,74,4236,8557,7434,3643,960,13,1766,4682,5429,3121,694,61,2470,3875,2005,522,266
2021,4,A,골목상권,1000379,동일로173가길,1230,946,284,3,110,164,272,369,312,1,65,113,202,296,269,2,45,51,70,73,43
2021,4,A,골목상권,1000636,구로중앙로42길,403,284,119,3,75,112,94,78,41,3,40,75,73,58,35,0,35,37,21,20,6
2021,4,A,골목상권,1000788,낙성대역길,431,230,201,1,84,110,110,97,29,1,40,56,59,54,20,0,44,54,51,43,9
2021,4,A,골목상권,1000555,강서로17가길,554,386,168,0,22,50,120,256,106,0,7,21,63,208,87,0,15,29,57,48,19
2021,4,A,골목상권,1000628,구로동로38길,625,240,385,4,50,83,107,232,149,2,21,50,56,55,56,2,29,33,51,177,93
2021,4,A,골목상권,1000183,무학로45길,227,141,86,0,23,39,57,55,53,0,7,27,31,37,39,0,16,12,26,18,14
2021,4,A,골목상권,1000530,목동중앙서로8가길,317,200,117,0,55,93,87,62,20,0,20,52,56,55,17,0,35,41,31,7,3
2021,4,A,골목상권,1000144,뚝섬로23길,209,148,61,5,14,22,49,67,52,4,8,14,29,49,44,1,6,8,20,18,8
2021,4,R,전통시장,1001410,대원종합시장,9,7,2,0,0,1,0,3,5,0,0,1,0,2,4,0,0,0,0,1,1
2021,4,A,골목상권,1000005,백석동길,1797,1066,731,0,355,581,496,273,92,0,151,351,314,181,69,0,204,230,182,92,23
2021,4,A,골목상권,1000941,동남로20길,2463,1773,690,12,396,645,578,528,304,10,278,477,407,368,233,2,118,168,171,160,71
2021,4,R,전통시장,1001404,신정제일시장,38,21,17,0,8,9,10,7,4,0,3,5,6,4,3,0,5,4,4,3,1
2021,4,D,발달상권,1001031,서울 관악구 신림역_1,615,316,299,4,28,56,85,160,282,1,17,38,45,60,155,3,11,18,40,100,127
2021,4,R,전통시장,1001441,본동인정시장,59,41,18,0,6,10,12,15,16,0,4,7,9,8,13,0,2,3,3,7,3
2021,4,A,골목상권,1000339,수유로12길,281,199,82,0,35,46,56,55,89,0,8,33,38,39,81,0,27,13,18,16,8
2021,4,D,발달상권,1001024,관악구 사당역_1,5523,2253,3270,3,773,1500,1762,987,498,0,178,526,614,598,337,3,595,974,1148,389,161
2021,4,A,골목상권,1000479,방울내로9안길,619,351,268,4,145,115,139,131,85,3,47,70,88,83,60,1,98,45,51,48,25
2021,4,R,전통시장,1001351,솔샘시장,73,30,43,1,7,19,25,18,3,0,3,4,12,8,3,1,4,15,13,10,0
2021,4,A,골목상권,1000747,사당로16가길,237,147,90,1,39,74,56,36,31,0,19,41,34,26,27,1,20,33,22,10,4
2021,4,A,골목상권,1000151,아차산로40길,357,207,150,1,96,67,73,59,61,1,46,39,39,34,48,0,50,28,34,25,13
2021,4,A,골목상권,1000324,도봉로76길,311,138,173,0,36,29,68,76,102,0,7,12,26,33,60,0,29,17,42,43,42
2021,4,A,골목상권,1000781,관악로14길,109,42,67,0,8,16,30,31,24,0,5,3,5,15,14,0,3,13,25,16,10
2021,4,A,골목상권,1000365,도봉로169나길,244,184,60,1,6,17,23,103,94,1,2,7,14,80,80,0,4,10,9,23,14
2021,4,A,골목상권,1000294,인촌로6길,195,131,64,2,25,35,45,41,47,1,9,25,30,30,36,1,16,10,15,11,11
2021,4,D,발달상권,1001027,가산디지털단지역_3,22935,14390,8545,86,4897,7064,5668,3395,1825,58,2468,4477,3815,2148,1424,28,2429,2587,1853,1247,401
2021,4,A,골목상권,1000896,논현로115길,2866,1752,1114,16,807,1087,593,259,104,5,350,692,443,182,80,11,457,395,150,77,24
2021,4,D,발달상권,1001172,어린이대공원역,41,17,24,0,5,3,13,13,7,0,1,1,5,4,6,0,4,2,8,9,1
2021,4,A,골목상권,1000823,신원로3길,180,103,77,0,14,42,50,46,28,0,6,24,27,29,17,0,8,18,23,17,11
2021,4,A,골목상권,1000723,여의대방로39길,193,112,81,2,11,21,29,51,79,2,7,15,12,24,52,0,4,6,17,27,27
2021,4,A,골목상권,1000780,관악로10길,1482,1050,432,3,269,661,283,158,108,2,150,501,202,108,87,1,119,160,81,50,21
2021,4,A,골목상권,1000212,천호대로77길,169,111,58,0,26,28,46,41,28,0,13,18,32,26,22,0,13,10,14,15,6
2021,4,A,골목상권,1000085,회나무로13길,90,45,45,0,13,20,26,23,8,0,7,11,8,12,7,0,6,9,18,11,1
2021,4,D,발달상권,1001154,용산 전자상가_4,248,182,66,1,42,85,61,29,30,0,27,63,45,21,26,1,15,22,16,8,4
2021,4,D,발달상권,1001202,롯데백화점,27149,9657,17492,236,13497,8422,2946,1798,250,71,3513,3007,1835,1029,202,165,9984,5415,1111,769,48
2021,4,A,골목상권,1000995,올림픽로77길,210,114,96,2,49,39,39,54,27,0,23,22,18,35,16,2,26,17,21,19,11
2021,4,A,골목상권,1000055,대사관로34길,606,393,213,7,104,137,112,158,88,6,67,83,74,108,55,1,37,54,38,50,33
2021,4,D,발달상권,1001125,학동사거리_2,2498,1332,1166,4,411,819,736,417,111,1,130,397,455,280,69,3,281,422,281,137,42
2021,4,A,골목상권,1000445,연희로10길,3448,3135,313,2,390,669,570,1483,334,1,342,592,477,1410,313,1,48,77,93,73,21
2021,4,A,골목상권,1000316,노해로23길,70,47,23,0,8,8,18,24,12,0,6,6,12,15,8,0,2,2,6,9,4
2021,4,A,골목상권,1000155,아차산로78길,575,421,154,0,83,170,156,94,72,0,53,137,109,67,55,0,30,33,47,27,17
2021,4,A,골목상권,1000560,강서로45다길,243,178,65,0,17,27,60,65,74,0,5,21,38,50,64,0,12,6,22,15,10
2021,4,A,골목상권,1000469,동교로27길,1172,795,377,4,193,262,253,244,216,3,73,157,165,200,197,1,120,105,88,44,19
2021,4,A,골목상권,1000215,한천로33길,203,76,127,0,12,21,76,76,18,0,10,11,26,17,12,0,2,10,50,59,6
2021,4,A,골목상권,1000532,신목로5길,645,416,229,2,82,160,183,145,73,0,45,108,131,83,49,2,37,52,52,62,24
2021,4,A,골목상권,1000341,오패산로52길,105,47,58,0,7,14,34,37,13,0,3,8,19,14,3,0,4,6,15,23,10
2021,4,A,골목상권,1000453,통일로11길,97,46,51,0,12,17,28,25,15,0,1,6,13,19,7,0,11,11,15,6,8
2021,4,R,전통시장,1001306,노룬산골목시장,23,13,10,0,4,5,10,2,2,0,3,3,6,0,1,0,1,2,4,2,1
2021,4,A,골목상권,1000621,고척로21나길,369,197,172,0,34,54,115,112,54,0,21,33,45,55,43,0,13,21,70,57,11
2021,4,D,발달상권,1001221,장안동사거리,1587,632,955,2,254,377,461,340,153,1,66,149,163,153,100,1,188,228,298,187,53
2021,4,R,전통시장,1001374,대림골목시장,237,46,191,0,24,52,59,69,33,0,1,10,8,16,11,0,23,42,51,53,22
2021,4,D,발달상권,1001242,혜화역 대학로_3,477,210,267,1,57,123,134,75,87,0,19,40,60,34,57,1,38,83,74,41,30
2021,4,A,골목상권,1000048,퇴계로8길,438,246,192,0,58,114,140,73,53,0,19,62,84,43,38,0,39,52,56,30,15
2021,4,D,발달상권,1001076,구로역,201,101,100,0,47,52,53,30,19,0,20,30,28,13,10,0,27,22,25,17,9
2021,4,D,발달상권,1001223,서울 종로구 광화문역_2,27999,17199,10800,32,3393,7355,8035,6017,3167,10,1412,4714,5366,3871,1826,22,1981,2641,2669,2146,1341
2021,4,A,골목상권,1000321,도봉로18길,225,182,43,5,7,27,53,67,66,5,2,19,39,55,62,0,5,8,14,12,4
2021,4,A,골목상권,1000943,백제고분로21길,483,309,174,0,64,145,121,93,60,0,29,93,78,66,43,0,35,52,43,27,17
2021,4,A,골목상권,1000084,한남대로20길,231,131,100,1,36,84,64,27,19,0,12,45,37,23,14,1,24,39,27,4,5
2021,4,D,발달상권,1001204,서울 중구 을지로3가역_1,4549,2258,2291,9,524,1204,1241,954,617,1,136,510,617,589,405,8,388,694,624,365,212
2021,4,A,골목상권,1000211,천호대로45길,47,38,9,0,1,13,20,8,5,0,0,11,17,6,4,0,1,2,3,2,1
2021,4,R,전통시장,1001280,제일평화시장,53,29,24,1,6,16,16,11,3,1,1,10,9,6,2,0,5,6,7,5,1
2021,4,A,골목상권,1000077,한강대로104길,8152,1754,6398,152,5983,1336,333,182,166,9,597,651,235,136,126,143,5386,685,98,46,40
2021,4,A,골목상권,1000785,관천로22길,194,117,77,0,31,30,62,44,27,0,13,19,34,30,21,0,18,11,28,14,6
2021,4,A,골목상권,1000409,연서로3길,119,51,68,1,9,27,36,29,17,0,2,12,14,15,8,1,7,15,22,14,9
2021,4,A,골목상권,1000442,세무서길,164,78,86,1,30,22,31,37,43,1,9,8,10,26,24,0,21,14,21,11,19
2021,4,A,골목상권,1000335,솔매로41길,67,38,29,0,2,9,30,15,11,0,0,4,18,10,6,0,2,5,12,5,5
2021,4,D,발달상권,1001073,서울 강남구 역삼역_1,22546,15049,7497,58,3955,7231,6313,3264,1725,30,2092,4600,4715,2438,1174,28,1863,2631,1598,826,551
2021,4,R,전통시장,1001440,노량진중앙시장,244,157,87,0,23,85,85,29,22,0,13,65,56,17,6,0,10,20,29,12,16
2021,4,A,골목상권,1000765,서달로8가길,83,34,49,0,13,15,16,21,18,0,5,6,7,9,7,0,8,9,9,12,11
2021,4,A,골목상권,1000779,흑석로9길,110,76,34,0,17,16,35,27,15,0,10,13,27,16,10,0,7,3,8,11,5
2021,4,A,골목상권,1000147,뚝섬로54길,948,798,150,9,327,243,206,105,58,7,289,216,161,78,47,2,38,27,45,27,11
2021,4,A,골목상권,1000653,중앙로1길,960,704,256,0,80,128,157,163,432,0,49,69,89,104,393,0,31,59,68,59,39
2021,4,A,골목상권,1000133,긴고랑로20길,174,98,76,0,12,32,57,43,30,0,5,18,31,23,21,0,7,14,26,20,9
2021,4,A,골목상권,1000675,시흥대로153길,92,55,37,0,10,16,32,23,11,0,4,9,18,15,9,0,6,7,14,8,2
2021,4,A,골목상권,1000607,화곡로59길,316,232,84,0,7,25,59,116,109,0,3,18,30,84,97,0,4,7,29,32,12
2021,4,A,골목상권,1000876,언남길,1128,742,386,2,185,268,315,221,137,1,103,166,200,164,108,1,82,102,115,57,29
2021,4,A,골목상권,1000690,당산로38길,676,471,205,3,115,155,176,131,96,3,44,102,145,103,74,0,71,53,31,28,22
2021,4,A,골목상권,1000873,서초대로64길,829,489,340,1,114,180,229,182,123,0,46,112,137,106,88,1,68,68,92,76,35
2021,4,A,골목상권,1000891,개포로28길,589,445,144,6,72,118,111,121,161,2,28,80,88,102,145,4,44,38,23,19,16
2021,4,D,발달상권,1001157,서울 강동구 천호역_1,138,57,81,0,30,22,27,29,30,0,9,9,7,16,16,0,21,13,20,13,14
2021,4,A,골목상권,1000300,종암로16길,140,61,79,0,17,25,35,32,31,0,5,17,12,16,11,0,12,8,23,16,20
2021,4,A,골목상권,1000615,개봉로2길,186,99,87,1,21,25,56,43,40,1,9,11,26,25,27,0,12,14,30,18,13
2021,4,A,골목상권,1000525,목동중앙로3길,157,95,62,2,15,32,37,45,26,2,4,21,26,28,14,0,11,11,11,17,12
2021,4,A,골목상권,1000064,우사단로4길,308,143,165,0,72,52,54,83,47,0,11,31,32,42,27,0,61,21,22,41,20
2021,4,R,전통시장,1001347,석관황금시장,191,157,34,0,30,36,41,72,12,0,28,26,29,62,12,0,2,10,12,10,0
2021,4,A,골목상권,1000725,여의대방로61길,514,400,114,1,71,136,151,67,88,1,49,108,113,49,80,0,22,28,38,18,8
2021,4,A,골목상권,1000010,성균관로5길,148,84,64,2,6,17,31,31,61,2,2,7,17,19,37,0,4,10,14,12,24
2021,4,A,골목상권,1000910,도산대로81길,3094,1363,1731,10,813,1163,670,290,148,5,258,477,323,179,121,5,555,686,347,111,27
2021,4,A,골목상권,1000817,신림로28길,442,283,159,1,70,84,145,100,42,0,46,58,91,63,25,1,24,26,54,37,17
2021,4,A,골목상권,1000650,오류로8길,442,219,223,0,91,160,97,58,36,0,35,95,49,24,16,0,56,65,48,34,20
2021,4,D,발달상권,1001014,양재동 꽃시장,1540,858,682,11,337,414,307,384,87,4,129,223,197,252,53,7,208,191,110,132,34
2021,4,A,골목상권,1000187,서울시립대로16길,42,14,28,0,4,12,6,12,8,0,2,6,2,3,1,0,2,6,4,9,7
2021,4,D,발달상권,1001069,은마아파트입구사거리_3,103,45,58,1,16,25,30,21,10,0,2,10,17,9,7,1,14,15,13,12,3
2021,4,A,골목상권,1000498,월드컵로11길,421,153,268,0,98,81,120,83,39,0,41,30,37,29,16,0,57,51,83,54,23
2021,4,A,골목상권,1000973,구천면로42길,87,52,35,0,11,27,22,20,7,0,4,17,16,10,5,0,7,10,6,10,2
2021,4,D,발달상권,1001180,신촌역,4403,2012,2391,61,2189,958,459,413,323,19,924,496,198,193,182,42,1265,462,261,220,141
2021,4,A,골목상권,1000533,신목로6길,582,383,199,25,130,153,110,102,62,13,71,105,77,68,49,12,59,48,33,34,13
2021,4,A,골목상권,1000790,난곡로26길,120,85,35,0,18,19,29,45,9,0,11,15,20,30,9,0,7,4,9,15,0
2021,4,A,골목상권,1000592,양천로24가길,207,113,94,2,21,35,62,49,38,2,8,16,35,25,27,0,13,19,27,24,11
2021,4,R,전통시장,1001320,전농로터리시장,7,3,4,0,1,0,2,3,1,0,0,0,1,1,1,0,1,0,1,2,0
2021,4,A,골목상권,1000274,보문로13길,1048,741,307,3,34,68,110,126,707,0,16,41,77,81,526,3,18,27,33,45,181
2021,4,D,발달상권,1001135,신사동 가로수길,14671,7582,7089,64,3450,4410,3497,2063,1187,17,1101,2351,2086,1181,846,47,2349,2059,1411,882,341
2021,4,A,골목상권,1000648,새말로18길,933,549,384,18,273,304,190,103,45,16,135,170,121,80,27,2,138,134,69,23,18
2021,4,R,전통시장,1001469,양재시장,35,22,13,0,2,10,9,7,7,0,1,7,6,3,5,0,1,3,3,4,2
2021,4,A,골목상권,1000257,용마산로112길,114,69,45,0,14,22,23,29,26,0,8,11,13,20,17,0,6,11,10,9,9
2021,4,A,골목상권,1000284,아리랑로4길,595,281,314,2,70,92,125,182,124,1,24,43,54,86,73,1,46,49,71,96,51
2021,4,A,골목상권,1000826,인헌길,115,61,54,2,17,28,38,18,12,2,4,17,18,8,12,0,13,11,20,10,0
2021,4,A,골목상권,1000579,공항대로61길,547,415,132,8,107,180,129,86,37,5,57,146,112,65,30,3,50,34,17,21,7
2021,4,A,골목상권,1000914,봉은사로43길,2978,1692,1286,9,471,852,885,497,264,5,203,497,481,299,207,4,268,355,404,198,57
2021,4,A,골목상권,1000696,대림로44길,411,289,122,1,46,91,100,99,74,0,31,64,72,74,48,1,15,27,28,25,26
2021,4,D,발달상권,1001227,종로구청,20709,10947,9762,13,2292,6864,7103,3437,1000,5,738,2911,4125,2505,663,8,1554,3953,2978,932,337
2021,4,D,발달상권,1001062,서울 강남구 강남역_1,25938,14288,11650,88,6203,8644,6930,3220,853,23,2496,4807,4065,2245,652,65,3707,3837,2865,975,201
2021,4,A,골목상권,1000422,증산로13길,79,42,37,0,7,21,24,16,11,0,3,9,12,7,11,0,4,12,12,9,0
2021,4,A,골목상권,1000329,삼양로24길,26,16,10,0,0,4,7,9,6,0,0,3,4,5,4,0,0,1,3,4,2
2021,4,A,골목상권,1000721,양평로28길,847,707,140,1,60,160,212,238,176,1,43,119,178,209,157,0,17,41,34,29,19
2021,4,A,골목상권,1000071,이태원로54길,812,552,260,6,245,319,164,41,37,6,145,233,116,27,25,0,100,86,48,14,12
2021,4,R,전통시장,1001405,신정2동골목시장,41,13,28,0,2,10,15,11,3,0,0,3,7,1,2,0,2,7,8,10,1
2021,4,R,전통시장,1001288,만리시장,12,9,3,0,0,2,1,4,5,0,0,1,1,3,4,0,0,1,0,1,1
2021,4,R,전통시장,1001425,푸른터시장,3,2,1,0,0,1,0,2,0,0,0,1,0,1,0,0,0,0,0,1,0
2021,4,A,골목상권,1000039,명동길,7830,4550,3280,27,1990,2892,1763,922,236,7,795,1677,1196,704,171,20,1195,1215,567,218,65
2021,4,D,발달상권,1001071,서울 강남구 한티역,673,371,302,2,113,176,164,137,81,1,41,85,104,86,54,1,72,91,60,51,27
2021,4,A,골목상권,1000593,양천로24길,186,100,86,1,31,37,47,40,30,1,10,21,24,20,24,0,21,16,23,20,6
2021,4,R,전통시장,1001381,모래내시장,14,9,5,0,0,0,4,4,6,0,0,0,2,2,5,0,0,0,2,2,1
2021,4,A,골목상권,1000991,양재대로95길,602,324,278,6,56,119,122,168,131,5,30,81,75,69,64,1,26,38,47,99,67
2021,4,A,골목상권,1000673,시흥대로141길,214,142,72,1,26,30,60,48,49,0,12,15,39,36,40,1,14,15,21,12,9
2021,4,A,골목상권,1000686,경인로90길,282,210,72,0,36,41,47,83,75,0,13,30,32,66,69,0,23,11,15,17,6
2021,4,A,골목상권,1000130,광나루로37길,60,29,31,0,8,17,22,11,2,0,0,9,14,4,2,0,8,8,8,7,0
2021,4,A,골목상권,1000193,왕산로43길,560,199,361,1,119,130,150,104,56,1,18,35,58,46,41,0,101,95,92,58,15
2021,4,A,골목상권,1000024,창신길,146,29,117,0,8,14,28,56,40,0,0,3,15,9,2,0,8,11,13,47,38
2021,4,A,골목상권,1000348,한천로130길,91,69,22,0,12,25,30,17,7,0,7,23,25,11,3,0,5,2,5,6,4
2021,4,D,발달상권,1001108,학동역,1014,616,398,4,200,286,228,178,118,4,100,182,156,98,76,0,100,104,72,80,42
2021,4,D,발달상권,1001065,은마아파트입구사거리_1,277,92,185,2,39,62,85,61,28,0,9,26,23,22,12,2,30,36,62,39,16
2021,4,U,관광특구,1001494,종로·청계 관광특구,32935,17150,15785,68,5357,9965,9483,6401,1661,15,2285,4911,4591,4158,1190,53,3072,5054,4892,2243,471
2021,4,A,골목상권,1000087,후암로28길,582,313,269,3,107,137,150,121,64,3,29,80,94,63,44,0,78,57,56,58,20
2021,4,A,골목상권,1000367,도봉산4길,27,24,3,0,3,8,9,2,5,0,3,8,8,2,3,0,0,0,1,0,2
2021,4,R,전통시장,1001292,이태원제일시장,2,1,1,0,0,0,0,2,0,0,0,0,0,1,0,0,0,0,0,1,0
2021,4,A,골목상권,1000645,부일로11길,281,115,166,4,38,51,67,59,62,2,14,27,29,25,18,2,24,24,38,34,44
2021,4,A,골목상권,1000688,당산로31길,1481,749,732,4,342,442,339,230,124,0,104,239,178,136,92,4,238,203,161,94,32
2021,4,A,골목상권,1000578,공항대로59다길,1037,645,392,2,112,262,205,258,198,2,37,126,133,182,165,0,75,136,72,76,33
2021,4,A,골목상권,1000589,방화대로21길,390,243,147,6,46,78,105,96,59,0,17,50,73,64,39,6,29,28,32,32,20
2021,4,D,발달상권,1001105,서울 동작구 노량진역,436,252,184,0,69,158,103,53,53,0,20,86,77,30,39,0,49,72,26,23,14
2021,4,A,골목상권,1000116,왕십리로14길,997,776,221,0,81,112,200,271,333,0,33,77,137,226,303,0,48,35,63,45,30
2021,4,R,전통시장,1001471,영동전통시장,242,95,147,0,21,60,67,58,36,0,7,19,22,24,23,0,14,41,45,34,13
2021,4,D,발달상권,1001137,서울 강동구 둔촌동역,250,102,148,0,25,44,39,43,99,0,2,13,14,17,56,0,23,31,25,26,43
2021,4,R,전통시장,1001265,광장시장,444,301,143,0,39,73,92,123,117,0,22,41,68,77,93,0,17,32,24,46,24
2021,4,A,골목상권,1000669,범안로17길,4567,2830,1737,0,82,135,247,533,3570,0,46,101,158,287,2238,0,36,34,89,246,1332
2021,4,A,골목상권,1000774,여의대방로46길,1238,733,505,4,179,331,335,206,183,3,100,220,200,110,100,1,79,111,135,96,83
2021,4,A,골목상권,1000337,솔매로50길,442,162,280,1,62,108,152,90,29,1,14,28,49,48,22,0,48,80,103,42,7
2021,4,A,골목상권,1000863,방배로35길,1137,711,426,1,193,244,258,228,213,0,51,128,172,167,193,1,142,116,86,61,20
2021,4,A,골목상권,1000972,구천면로41길,442,228,214,1,48,119,113,117,44,1,19,57,64,61,26,0,29,62,49,56,18
2021,4,A,골목상권,1000878,주흥길,164,111,53,0,17,24,59,35,29,0,10,17,35,27,22,0,7,7,24,8,7
2021,4,A,골목상권,1000090,금호산길,159,83,76,0,22,32,46,32,27,0,6,17,22,19,19,0,16,15,24,13,8
2021,4,D,발달상권,1001162,서울 광진구 건대입구역_1,109,52,57,0,8,18,29,24,30,0,2,6,12,10,22,0,6,12,17,14,8
2021,4,R,전통시장,1001291,이태원시장,32,20,12,0,18,3,4,6,1,0,12,1,3,3,1,0,6,2,1,3,0
2021,4,R,전통시장,1001335,묵1동도깨비시장,35,24,11,0,3,9,7,11,5,0,1,6,5,8,4,0,2,3,2,3,1
2021,4,A,골목상권,1000404,연서로27길,339,148,191,3,46,70,105,83,32,3,20,24,41,36,24,0,26,46,64,47,8
2021,4,A,골목상권,1000504,월드컵로8길,939,462,477,2,149,198,218,198,174,1,60,93,106,107,95,1,89,105,112,91,79
2021,4,A,골목상권,1000582,까치산로4길,189,112,77,7,16,48,46,43,29,6,8,28,25,24,21,1,8,20,21,19,8
2021,4,D,발달상권,1001016,서울 관악구 대학동_1,662,558,104,2,30,79,181,272,98,0,13,54,158,244,89,2,17,25,23,28,9
2021,4,A,골목상권,1000179,망우로18가길,114,75,39,0,9,19,30,43,13,0,7,11,17,30,10,0,2,8,13,13,3
2021,4,A,골목상권,1000799,남부순환로234길,126,81,45,0,14,33,33,26,20,0,8,23,21,13,16,0,6,10,12,13,4
2021,4,D,발달상권,1001232,서울 종로구 종로3가역_2,1823,948,875,4,380,555,344,286,254,4,161,301,167,149,166,0,219,254,177,137,88
2021,4,D,발달상권,1001124,서울 영등포구 영등포시장역,411,246,165,6,70,66,92,104,73,2,25,34,56,71,58,4,45,32,36,33,15
2021,4,A,골목상권,1001007,천호대로219길,486,338,148,0,35,87,127,145,92,0,23,57,92,100,66,0,12,30,35,45,26
2021,4,A,골목상권,1000121,용답29길,537,360,177,0,89,181,150,76,41,0,48,107,118,54,33,0,41,74,32,22,8
2021,4,A,골목상권,1000131,광나루로40길,242,128,114,0,44,44,67,56,31,0,14,18,34,35,27,0,30,26,33,21,4
2021,4,A,골목상권,1000411,연서로5길,647,303,344,1,50,86,173,229,108,0,19,47,86,93,58,1,31,39,87,136,50
2021,4,A,골목상권,1000361,도봉로143길,73,48,25,0,5,11,20,25,12,0,1,8,12,17,10,0,4,3,8,8,2
2021,4,D,발달상권,1001011,서울 금천구 시흥1동_4,486,164,322,1,56,75,117,138,99,1,19,25,46,36,37,0,37,50,71,102,62
2021,4,A,골목상권,1000819,신림로48길,75,49,26,0,12,16,16,21,10,0,6,11,11,14,7,0,6,5,5,7,3
2021,4,A,골목상권,1000094,마장로39길,443,258,185,1,49,83,113,115,82,1,32,54,63,61,47,0,17,29,50,54,35
2021,4,A,골목상권,1000034,동호로10길,1553,857,696,3,261,374,326,340,249,1,90,202,225,212,127,2,171,172,101,128,122
2021,4,D,발달상권,1001166,서울 마포구 마포역_2,10151,6130,4021,11,1542,2551,2393,1998,1656,9,766,1512,1639,1200,1004,2,776,1039,754,798,652
2021,4,R,전통시장,1001438,우리시장,6,5,1,0,1,0,1,3,1,0,0,0,1,3,1,0,1,0,0,0,0
2021,4,A,골목상권,1000979,상암로4길,232,147,85,0,18,61,69,50,34,0,9,45,42,25,26,0,9,16,27,25,8
2021,4,A,골목상권,1000724,여의대방로43나길,859,661,198,0,58,109,162,325,205,0,36,78,120,260,167,0,22,31,42,65,38
2021,4,D,발달상권,1001063,교대역_4,6267,3940,2327,42,1100,1637,1618,1162,708,17,510,1007,1128,745,533,25,590,630,490,417,175
2021,4,A,골목상권,1000016,자하문로7길,214,83,131,0,23,52,68,38,33,0,8,18,23,13,21,0,15,34,45,25,12
2021,4,A,골목상권,1000172,답십리로56길,78,39,39,0,6,9,25,29,9,0,2,4,13,14,6,0,4,5,12,15,3
2021,4,D,발달상권,1001247,미아사거리_2,102,47,55,2,17,25,31,17,10,2,4,10,19,8,4,0,13,15,12,9,6
2021,4,R,전통시장,1001372,녹번시장,22,9,13,0,3,6,5,4,4,0,0,4,1,1,3,0,3,2,4,3,1
2021,4,A,골목상권,1000936,학동로38길,1862,891,971,5,531,646,410,176,94,1,131,304,246,137,72,4,400,342,164,39,22
2021,4,A,골목상권,1000102,사근동길,78,48,30,2,10,24,19,15,8,2,6,13,12,9,6,0,4,11,7,6,2
2021,4,A,골목상권,1000949,백제고분로39길,566,393,173,1,75,109,125,120,136,0,45,66,83,78,121,1,30,43,42,42,15
2021,4,A,골목상권,1000677,시흥대로36길,288,173,115,0,24,78,75,87,24,0,12,42,38,61,20,0,12,36,37,26,4
2021,4,A,골목상권,1000141,능동로4길,947,834,113,0,110,253,308,254,22,0,94,221,268,234,17,0,16,32,40,20,5
2021,4,A,골목상권,1000880,효령로23길,1492,964,528,9,176,372,381,347,207,8,111,265,255,205,120,1,65,107,126,142,87
2021,4,D,발달상권,1001038,구로디지탈1단지,43655,28446,15209,166,9236,14856,11064,5205,3128,106,4581,9785,7775,3647,2552,60,4655,5071,3289,1558,576
2021,4,R,전통시장,1001467,우림시장,1,0,1,0,0,0,1,0,0,0,0,0,0,0,0,0,0,0,1,0,0
2021,4,A,골목상권,1000899,논현로159길,109,49,60,0,35,22,22,21,9,0,11,9,8,16,5,0,24,13,14,5,4
2021,4,R,전통시장,1001455,봉일시장,44,23,21,1,1,4,6,15,17,0,0,1,5,3,14,1,1,3,1,12,3
2021,4,A,골목상권,1000568,개화동로25길,351,201,150,0,71,149,58,41,32,0,29,86,45,22,19,0,42,63,13,19,13
2021,4,A,골목상권,1000080,한강대로52길,8713,2847,5866,57,2665,3036,2078,653,224,26,938,1015,544,215,109,31,1727,2021,1534,438,115
2021,4,D,발달상권,1001066,서울 강남구 강남역,27566,14310,13256,74,6880,9161,6519,3589,1343,29,2550,4819,3924,2047,941,45,4330,4342,2595,1542,402
2021,4,R,전통시장,1001409,화곡중앙골목시장,75,32,43,0,4,11,21,22,17,0,2,2,9,8,11,0,2,9,12,14,6
2021,4,D,발달상권,1001115,서울 강남구 강남구청역_2,3172,1916,1256,17,885,955,754,304,257,3,319,582,574,229,209,14,566,373,180,75,48
2021,4,A,골목상권,1000150,면목로17길,230,138,92,0,35,45,62,39,49,0,21,24,34,25,34,0,14,21,28,14,15
2021,4,A,골목상권,1000985,암사길,112,70,42,0,9,18,33,28,24,0,4,14,18,17,17,0,5,4,15,11,7
2021,4,R,전통시장,1001486,동서울시장,5,3,2,0,0,0,1,1,3,0,0,0,0,1,2,0,0,0,1,0,1
2021,4,A,골목상권,1000993,올림픽로48길,1847,1272,575,29,211,407,407,305,488,11,109,287,286,214,365,18,102,120,121,91,123
2021,4,D,발달상권,1001198,서울 강서구 송정역,335,140,195,0,38,64,82,87,64,0,10,24,31,30,45,0,28,40,51,57,19
2021,4,A,골목상권,1000855,동광로39길,1227,825,402,6,179,328,402,245,67,2,82,208,299,185,49,4,97,120,103,60,18
2021,4,A,골목상권,1000002,난계로27길,201,114,87,1,18,42,61,40,39,0,6,24,33,24,27,1,12,18,28,16,12
2021,4,A,골목상권,1000989,양재대로133길,189,122,67,0,13,43,54,56,23,0,8,31,30,37,16,0,5,12,24,19,7
2021,4,A,골목상권,1000665,독산로78다길,195,124,71,0,15,35,63,49,33,0,11,21,39,31,22,0,4,14,24,18,11
2021,4,R,전통시장,1001427,현대시장,139,42,97,0,13,23,49,40,14,0,4,3,12,17,6,0,9,20,37,23,8
2021,4,A,골목상권,1000372,방학로6가길,167,67,100,1,23,17,41,45,40,1,10,8,15,14,19,0,13,9,26,31,21
2021,4,A,골목상권,1000718,신길로60길,260,196,64,0,8,10,44,60,138,0,3,5,21,39,128,0,5,5,23,21,10
2021,4,A,골목상권,1000550,화곡로3길,351,177,174,0,35,112,90,83,31,0,10,38,50,51,28,0,25,74,40,32,3
2021,4,A,골목상권,1000874,서초대로8길,2598,644,1954,8,633,729,658,355,215,0,150,169,122,99,104,8,483,560,536,256,111
2021,4,A,골목상권,1000428,증산서길,334,189,145,0,54,95,79,62,44,0,26,59,45,35,24,0,28,36,34,27,20
2021,4,D,발달상권,1001148,목동사거리,41,13,28,0,4,9,10,10,8,0,0,1,2,4,6,0,4,8,8,6,2
2021,4,A,골목상권,1000531,신목로2길,386,255,131,2,39,76,102,119,48,1,32,60,70,65,27,1,7,16,32,54,21
2021,4,A,골목상권,1000297,정릉로26길,214,103,111,0,31,50,73,45,15,0,16,33,32,15,7,0,15,17,41,30,8
2021,4,D,발달상권,1001050,교대역_1,17722,8352,9370,88,3981,4656,4461,3192,1344,38,1424,2391,2134,1453,912,50,2557,2265,2327,1739,432
2021,4,A,골목상권,1000430,진흥로1길,310,165,145,0,62,58,69,58,63,0,19,31,43,35,37,0,43,27,26,23,26
2021,4,R,전통시장,1001334,태능시장,81,34,47,2,15,9,24,15,16,1,2,4,6,9,12,1,13,5,18,6,4
2021,4,A,골목상권,1000258,용마산로118길,108,63,45,1,11,17,28,30,21,0,2,8,13,23,17,1,9,9,15,7,4
2021,4,A,골목상권,1000749,사당로20길,103,53,50,0,11,24,31,21,16,0,3,16,13,12,9,0,8,8,18,9,7
2021,4,A,골목상권,1000854,동광로1길,2565,1862,703,3,193,350,313,359,1347,2,86,185,162,207,1220,1,107,165,151,152,127
2021,4,A,골목상권,1000074,청파로47나길,259,176,83,0,32,55,68,56,48,0,15,38,54,36,33,0,17,17,14,20,15
2021,4,R,전통시장,1001366,상계시장,8,2,6,0,1,1,1,2,3,0,0,1,0,1,0,0,1,0,1,1,3
2021,4,A,골목상권,1000934,일원로9길,590,334,256,3,70,69,123,111,214,2,36,40,75,59,122,1,34,29,48,52,92
2021,4,A,골목상권,1000079,한강대로43길,1841,1074,767,5,286,556,516,295,183,4,118,312,332,176,132,1,168,244,184,119,51
2021,4,A,골목상권,1000964,오금로36길,1133,803,330,4,170,264,343,235,117,2,96,183,257,165,100,2,74,81,86,70,17
2021,4,A,골목상권,1000403,연서로21길,684,486,198,0,35,128,167,156,198,0,15,98,107,106,160,0,20,30,60,50,38
2021,4,A,골목상권,1000027,필운대로1길,202,62,140,1,23,46,59,65,8,0,3,10,22,21,6,1,20,36,37,44,2
2021,4,R,전통시장,1001475,강남개포시장,138,84,54,0,15,20,34,37,32,0,4,5,20,31,24,0,11,15,14,6,8
2021,4,A,골목상권,1000680,시흥대로68길,549,219,330,1,130,118,102,143,55,1,44,45,39,51,39,0,86,73,63,92,16
2021,4,D,발달상권,1001199,서울 중구 충무로역_2,16329,7851,8478,75,2774,4426,4616,3271,1167,23,832,2343,2394,1543,716,52,1942,2083,2222,1728,451
2021,4,A,골목상권,1000265,돌곶이로28길,222,96,126,0,38,36,47,59,42,0,8,19,23,21,25,0,30,17,24,38,17
2021,4,A,골목상권,1000998,올림픽로98길,257,169,88,0,28,39,36,71,83,0,17,26,24,57,45,0,11,13,12,14,38
2021,4,D,발달상권,1001110,잠실역,42527,22605,19922,93,6888,11193,12245,10909,1199,29,3231,7077,7098,4269,901,64,3657,4116,5147,6640,298
2021,4,A,골목상권,1000915,봉은사로57길,638,409,229,6,169,206,146,74,37,5,91,140,97,51,25,1,78,66,49,23,12
2021,4,A,골목상권,1000049,퇴계로90길,463,225,238,2,60,115,115,99,72,2,27,45,57,50,44,0,33,70,58,49,28
2021,4,A,골목상권,1000292,인촌로24길,1580,1010,570,1,137,419,504,378,141,0,52,209,332,287,130,1,85,210,172,91,11
2021,4,A,골목상권,1000947,백제고분로33길,921,574,347,1,86,171,209,231,223,1,43,96,133,148,153,0,43,75,76,83,70
2021,4,R,전통시장,1001268,충신시장,77,40,37,0,19,17,15,15,11,0,7,11,6,7,9,0,12,6,9,8,2
2021,4,A,골목상권,1000986,양재대로101길,677,313,364,1,91,119,173,143,150,1,28,61,80,61,82,0,63,58,93,82,68
2021,4,A,골목상권,1000374,시루봉로23길,267,128,139,0,25,51,79,81,31,0,6,29,35,35,23,0,19,22,44,46,8
2021,4,A,골목상권,1000366,도봉로181길,93,30,63,0,13,12,35,22,11,0,1,6,11,8,4,0,12,6,24,14,7
2021,4,R,전통시장,1001361,신도봉시장,5,5,0,0,1,0,2,2,0,0,1,0,2,2,0,0,0,0,0,0,0
2021,4,A,골목상권,1000246,면목로55길,473,306,167,0,41,145,169,86,32,0,19,93,110,63,21,0,22,52,59,23,11
2021,4,A,골목상권,1000925,선릉로132길,1305,645,660,1,215,259,250,294,286,1,101,136,119,140,148,0,114,123,131,154,138
2021,4,D,발달상권,1001036,문정역,88,52,36,0,14,14,28,22,10,0,5,9,18,13,7,0,9,5,10,9,3
2021,4,R,전통시장,1001283,백학시장,95,43,52,0,11,14,29,24,17,0,4,6,12,11,10,0,7,8,17,13,7
2021,4,R,전통시장,1001293,보광시장,31,12,19,0,0,6,10,13,2,0,0,3,4,4,1,0,0,3,6,9,1
2021,4,D,발달상권,1001100,강남구 논현역_3,2466,700,1766,10,848,817,480,217,94,2,114,259,183,87,55,8,734,558,297,130,39
2021,4,U,관광특구,1001491,이태원 관광특구,5839,3064,2775,28,1377,2065,1290,768,311,18,514,986,777,541,228,10,863,1079,513,227,83
2021,4,A,골목상권,1000437,명지대길,107,58,49,0,16,26,19,31,15,0,7,16,7,17,11,0,9,10,12,14,4
2021,4,A,골목상권,1000391,갈현로33길,255,149,106,0,25,53,53,90,34,0,12,32,29,52,24,0,13,21,24,38,10
2021,4,A,골목상권,1000447,증가로10길,1463,1123,340,29,380,617,302,113,22,26,255,475,276,74,17,3,125,142,26,39,5
2021,4,A,골목상권,1000450,증가로6길,326,277,49,1,11,18,52,140,104,1,6,10,38,123,99,0,5,8,14,17,5
2021,4,D,발달상권,1001263,서울 노원구 노원역_3,418,159,259,3,102,53,90,90,80,0,24,23,33,38,41,3,78,30,57,52,39
2021,4,A,골목상권,1000633,구로중앙로19길,666,398,268,1,132,256,164,77,36,0,39,154,115,60,30,1,93,102,49,17,6
2021,4,A,골목상권,1000623,고척로27다길,169,99,70,0,10,21,43,60,35,0,9,8,21,34,27,0,1,13,22,26,8
2021,4,A,골목상권,1000769,양녕로26길,92,49,43,1,17,13,20,24,17,0,5,6,12,13,13,1,12,7,8,11,4
2021,4,A,골목상권,1000867,사평대로26길,509,346,163,0,64,128,135,104,78,0,42,95,96,62,51,0,22,33,39,42,27
2021,4,R,전통시장,1001457,봉천중앙시장,154,42,112,0,17,13,29,46,49,0,5,7,14,14,2,0,12,6,15,32,47
2021,4,A,골목상권,1000670,벚꽃로56길,301,260,41,0,8,11,43,135,104,0,7,5,32,118,98,0,1,6,11,17,6
2021,4,A,골목상권,1000165,천호대로109길,915,504,411,0,170,188,225,188,144,0,109,113,121,89,72,0,61,75,104,99,72
2021,4,R,전통시장,1001357,장미원골목시장,911,571,340,0,15,14,38,89,755,0,1,4,12,40,514,0,14,10,26,49,241
2021,4,A,골목상권,1000771,여의대방로22나길,188,95,93,1,16,24,28,36,83,1,10,11,12,18,43,0,6,13,16,18,40
2021,4,R,전통시장,1001482,고덕전통시장,935,850,85,0,8,37,165,395,330,0,4,31,147,360,308,0,4,6,18,35,22
2021,4,A,골목상권,1000839,호암로24길,1218,1084,134,0,243,351,373,203,48,0,204,322,342,178,38,0,39,29,31,25,10
2021,4,A,골목상권,1000327,삼각산로28길,70,33,37,0,5,13,19,19,14,0,0,6,8,12,7,0,5,7,11,7,7
2021,4,R,전통시장,1001352,번동북부골목시장,50,25,25,0,17,5,11,8,9,0,3,3,6,8,5,0,14,2,5,0,4
2021,4,A,골목상권,1000789,난곡로24길,89,34,55,0,12,18,21,31,7,0,5,8,5,11,5,0,7,10,16,20,2
2021,4,A,골목상권,1000861,반포대로9길,538,288,250,5,77,99,153,127,77,4,47,61,72,63,41,1,30,38,81,64,36
2021,4,A,골목상권,1000513,남부순환로40길,122,46,76,0,21,26,25,37,13,0,4,5,12,17,8,0,17,21,13,20,5
2021,4,A,골목상권,1000782,관악로28길,122,39,83,0,21,21,29,29,22,0,3,6,10,10,10,0,18,15,19,19,12
2021,4,A,골목상권,1000552,가로공원로76가길,168,91,77,2,19,35,53,39,20,1,10,20,27,20,13,1,9,15,26,19,7
2021,4,A,골목상권,1000247,면목로56길,91,53,38,0,10,14,30,21,16,0,6,5,19,11,12,0,4,9,11,10,4
2021,4,A,골목상권,1000363,도봉로152가길,342,311,31,1,7,19,39,120,156,0,4,13,31,115,148,1,3,6,8,5,8
2021,4,A,골목상권,1000818,신림로38길,147,90,57,0,13,20,43,37,34,0,7,14,21,23,25,0,6,6,22,14,9
2021,4,A,골목상권,1000893,남부순환로365길,691,445,246,1,93,172,166,160,99,1,48,90,110,117,79,0,45,82,56,43,20
2021,4,A,골목상권,1000773,여의대방로24길,16249,10586,5663,45,3316,3142,2424,3906,3416,23,2691,2662,1612,1847,1751,22,625,480,812,2059,1665
2021,4,A,골목상권,1000822,신사로20길,121,93,28,0,16,22,36,29,18,0,15,14,30,23,11,0,1,8,6,6,7
2021,4,A,골목상권,1000944,백제고분로22길,1371,955,416,0,185,408,385,246,147,0,102,292,280,167,114,0,83,116,105,79,33
2021,4,A,골목상권,1000352,노해로60길,136,85,51,0,16,13,35,42,30,0,9,7,18,24,27,0,7,6,17,18,3
2021,4,A,골목상권,1000143,동일로24길,42,32,10,0,2,3,18,10,9,0,1,0,18,8,5,0,1,3,0,2,4
2021,4,A,골목상권,1000864,방배로42길,861,707,154,5,77,112,329,277,61,4,41,69,302,246,45,1,36,43,27,31,16
2021,4,A,골목상권,1000685,경인로80길,1007,706,301,2,86,149,234,215,321,1,42,89,158,154,262,1,44,60,76,61,59
2021,4,A,골목상권,1000697,대림로7길,49,23,26,0,3,3,7,11,25,0,2,1,4,7,9,0,1,2,3,4,16
2021,4,A,골목상권,1000065,원효로19길,609,435,174,5,69,152,173,124,86,1,33,108,124,99,70,4,36,44,49,25,16
2021,4,D,발달상권,1001218,동대문시장_2,195,123,72,0,13,23,36,60,63,0,4,10,23,36,50,0,9,13,13,24,13
2021,4,A,골목상권,1000681,시흥대로84길,178,103,75,0,25,25,51,57,20,0,10,15,30,32,16,0,15,10,21,25,4
2021,4,A,골목상권,1000400,연서로13길,218,135,83,2,46,49,28,49,44,0,32,26,15,30,32,2,14,23,13,19,12
2021,4,R,전통시장,1001327,이경시장,16,8,8,0,0,1,2,2,11,0,0,1,1,1,5,0,0,0,1,1,6
2021,4,D,발달상권,1001151,용산 전자상가_3,1752,1311,441,5,270,605,510,253,109,2,167,447,399,202,94,3,103,158,111,51,15
2021,4,D,발달상권,1001052,뱅뱅사거리_2,12301,8384,3917,28,1846,3682,3450,2298,997,12,882,2414,2595,1653,828,16,964,1268,855,645,169
2021,4,A,골목상권,1000028,난계로11길,255,170,85,0,44,57,59,57,38,0,21,34,46,38,31,0,23,23,13,19,7
2021,4,A,골목상권,1000373,삼양로144길,50,24,26,0,0,4,18,16,12,0,0,2,9,7,6,0,0,2,9,9,6
2021,4,A,골목상권,1000908,도산대로38길,1043,622,421,3,147,183,232,197,281,2,52,93,137,145,193,1,95,90,95,52,88
2021,4,D,발달상권,1001190,장한평역,3644,2178,1466,29,1038,1026,646,552,353,1,444,680,421,350,282,28,594,346,225,202,71
2021,4,D,발달상권,1001113,서울 동작구 노량진1동_1,40,25,15,0,1,6,10,8,15,0,0,4,7,3,11,0,1,2,3,5,4
2021,4,A,골목상권,1000565,강서로5라길,245,176,69,0,24,53,64,67,37,0,19,35,45,46,31,0,5,18,19,21,6
2021,4,A,골목상권,1000175,답십리로64길,103,73,30,0,8,13,33,31,18,0,3,7,24,22,17,0,5,6,9,9,1
2021,4,R,전통시장,1001388,영진시장,29,14,15,0,4,5,11,7,2,0,2,2,6,2,2,0,2,3,5,5,0
2021,4,D,발달상권,1001235,서울 종로구 안국역_1,8804,7324,1480,4,816,3152,2766,1683,383,4,540,2585,2359,1526,310,0,276,567,407,157,73
2021,4,A,골목상권,1000451,충정로4길,2044,1298,746,0,245,537,563,416,283,0,157,343,362,263,173,0,88,194,201,153,110
2021,4,A,골목상권,1000471,마포대로12길,78,39,39,1,4,14,22,23,14,0,2,6,11,12,8,1,2,8,11,11,6
2021,4,A,골목상권,1000794,난향길,206,89,117,0,14,56,58,57,21,0,0,22,27,29,11,0,14,34,31,28,10
2021,4,A,골목상권,1000092,뚝섬로5길,2136,1426,710,9,426,739,521,290,151,5,222,511,368,198,122,4,204,228,153,92,29
2021,4,A,골목상권,1000884,방배중앙로21길,7153,2605,4548,7,1237,1765,2477,1306,361,1,330,590,942,590,152,6,907,1175,1535,716,209
2021,4,R,전통시장,1001326,회기시장,55,17,38,0,9,14,15,12,5,0,2,3,4,6,2,0,7,11,11,6,3
2021,4,A,골목상권,1000045,퇴계로18길,967,435,532,2,118,152,175,254,266,2,51,69,83,87,143,0,67,83,92,167,123
2021,4,A,골목상권,1000068,원효로89길,1387,969,418,4,273,447,297,244,122,2,173,325,213,178,78,2,100,122,84,66,44
2021,4,A,골목상권,1000528,목동중앙북로8길,171,102,69,0,14,39,41,37,40,0,6,19,23,23,31,0,8,20,18,14,9
2021,4,A,골목상권,1000127,광나루로12길,60,19,41,0,6,9,10,25,10,0,3,3,6,3,4,0,3,6,4,22,6
2021,4,D,발달상권,1001150,서울 용산구 이태원역,452,292,160,8,82,98,96,82,86,6,51,63,56,54,62,2,31,35,40,28,24
2021,4,A,골목상권,1000224,겸재로54길,131,79,52,0,12,22,35,32,30,0,9,18,15,19,18,0,3,4,20,13,12
2021,4,A,골목상권,1000984,성안로3길,5508,4242,1266,4,648,735,788,1268,2065,3,484,560,605,951,1639,1,164,175,183,317,426
2021,4,R,전통시장,1001431,영등포청과시장,23,17,6,0,1,4,7,8,3,0,1,2,6,5,3,0,0,2,1,3,0
2021,4,A,골목상권,1000923,삼성로75길,1814,1262,552,8,320,479,441,343,223,5,160,325,335,253,184,3,160,154,106,90,39
2021,4,A,골목상권,1000443,수색로8길,1090,905,185,0,25,53,78,156,778,0,4,29,35,99,738,0,21,24,43,57,40
2021,4,D,발달상권,1001261,서울 노원구 노원역_1,336,86,250,2,105,65,69,48,47,0,17,12,23,19,15,2,88,53,46,29,32
2021,4,A,골목상권,1000961,양재대로71길,1999,1458,541,5,114,287,421,409,763,4,55,175,274,277,673,1,59,112,147,132,90
2021,4,A,골목상권,1000757,상도로15길,320,121,199,2,10,27,53,87,141,1,6,19,24,24,47,1,4,8,29,63,94
2021,4,R,전통시장,1001382,백련시장,5,3,2,0,0,1,0,2,2,0,0,1,0,0,2,0,0,0,0,2,0
2021,4,A,골목상권,1000760,상도로61길,187,67,120,0,10,51,57,46,23,0,2,14,22,11,18,0,8,37,35,35,5
2021,4,A,골목상권,1000205,전농로4길,274,210,64,0,11,58,88,67,50,0,8,49,67,46,40,0,3,9,21,21,10
2021,4,D,발달상권,1001194,서울 강서구 발산역,983,431,552,1,121,225,298,244,94,0,34,91,134,105,67,1,87,134,164,139,27
2021,4,A,골목상권,1000890,개포로20길,647,400,247,1,105,176,186,111,68,0,51,93,123,80,53,1,54,83,63,31,15
2021,4,R,전통시장,1001270,창신골목시장,13,7,6,0,0,2,4,4,3,0,0,2,2,1,2,0,0,0,2,3,1
2021,4,A,골목상권,1000216,한천로40길,90,57,33,0,9,9,17,37,18,0,4,6,9,24,14,0,5,3,8,13,4
2021,4,A,골목상권,1000691,당산로46길,698,529,169,4,83,189,186,138,98,0,44,145,146,110,84,4,39,44,40,28,14
2021,4,A,골목상권,1000519,목동동로12길,335,228,107,0,46,96,82,78,33,0,28,57,55,60,28,0,18,39,27,18,5
2021,4,A,골목상권,1000181,망우로21길,96,67,29,0,13,9,18,27,29,0,7,8,10,16,26,0,6,1,8,11,3
2021,4,A,골목상권,1000584,등촌로13길,183,128,55,0,15,32,49,50,37,0,7,22,29,40,30,0,8,10,20,10,7
2021,4,D,발달상권,1001134,서울 영등포구 여의도역_2,33585,23274,10311,81,5930,10493,8844,6170,2067,15,3379,7139,6862,4704,1175,66,2551,3354,1982,1466,892
2021,4,A,골목상권,1000364,도봉로156길,93,62,31,0,10,20,26,25,12,0,6,10,16,20,10,0,4,10,10,5,2
2021,4,A,골목상권,1000474,만리재옛길,1190,687,503,2,343,341,267,145,92,2,216,232,119,64,54,0,127,109,148,81,38
2021,4,D,발달상권,1001114,강남구 신사역_1,1108,570,538,11,263,324,245,170,95,6,90,152,149,104,69,5,173,172,96,66,26
2021,4,D,발달상권,1001026,구로디지털단지역,91,67,24,0,4,16,34,21,16,0,2,13,29,11,12,0,2,3,5,10,4
2021,4,A,골목상권,1000173,답십리로60길,341,213,128,0,25,36,69,89,122,0,12,25,44,60,72,0,13,11,25,29,50
2021,4,U,관광특구,1001496,강남 마이스 관광특구,15904,8904,7000,59,3513,6185,4248,1596,303,25,1160,3361,2887,1246,225,34,2353,2824,1361,350,78
2021,4,A,골목상권,1000932,영동대로65길,1175,692,483,5,194,324,291,219,142,2,85,192,189,126,98,3,109,132,102,93,44
2021,4,D,발달상권,1001248,서울 은평구 불광역_1,180,73,107,1,17,30,40,56,36,1,5,7,17,23,20,0,12,23,23,33,16
2021,4,R,전통시장,1001477,마천시장,102,70,32,0,14,21,24,27,16,0,10,15,12,17,16,0,4,6,12,10,0
2021,4,A,골목상권,1000180,망우로18길,52,17,35,1,4,9,20,14,4,0,2,3,3,7,2,1,2,6,17,7,2
2021,4,A,골목상권,1000052,녹사평대로32길,56,31,25,1,9,12,15,10,9,1,6,7,5,5,7,0,3,5,10,5,2
2021,4,A,골목상권,1000612,개봉로1길,187,126,61,1,35,52,49,33,17,1,17,36,33,27,12,0,18,16,16,6,5
2021,4,D,발달상권,1001055,서울 서초구 서초역,1858,988,870,4,248,518,513,399,176,4,115,275,264,180,150,0,133,243,249,219,26
2021,4,A,골목상권,1000816,신림로11길,284,183,101,1,37,67,71,58,50,1,17,40,50,35,40,0,20,27,21,23,10
2021,4,A,골목상권,1000381,동일로242길,302,142,160,0,9,25,50,55,163,0,7,12,33,28,62,0,2,13,17,27,101
2021,4,D,발달상권,1001164,서울 마포구 마포역_1,3369,2292,1077,4,692,1065,808,510,290,1,334,728,619,403,207,3,358,337,189,107,83
2021,4,A,골목상권,1000966,풍성로25길,84,43,41,0,16,16,22,22,8,0,5,8,13,11,6,0,11,8,9,11,2
2021,4,A,골목상권,1001006,천호대로197길,239,168,71,0,26,45,43,60,65,0,22,34,32,35,45,0,4,11,11,25,20
2021,4,R,전통시장,1001384,마포시장,11,3,8,0,0,1,4,3,3,0,0,1,0,1,1,0,0,0,4,2,2
2021,4,A,골목상권,1000679,시흥대로63길,1016,542,474,7,306,377,196,85,45,2,149,224,92,49,26,5,157,153,104,36,19
2021,4,A,골목상권,1000659,남부순환로112길,96,66,30,0,13,24,30,19,10,0,10,15,23,11,7,0,3,9,7,8,3
2021,4,A,골목상권,1000482,성미산로1길,554,299,255,1,88,143,160,100,62,1,35,85,91,54,33,0,53,58,69,46,29
2021,4,A,골목상권,1000338,솔샘로65길,284,66,218,1,32,59,84,72,36,0,0,8,19,17,22,1,32,51,65,55,14
2021,4,D,발달상권,1001142,국회의사당역_1,4563,3517,1046,15,837,1316,1212,940,243,2,498,969,1020,837,191,13,339,347,192,103,52
2021,4,R,전통시장,1001420,고척근린시장,55,19,36,0,2,9,18,20,6,0,0,1,3,9,6,0,2,8,15,11,0
2021,4,A,골목상권,1000759,상도로47길,601,288,313,0,68,157,154,147,75,0,23,89,75,62,39,0,45,68,79,85,36
2021,4,D,발달상권,1001140,서울 강남구 압구정역,9345,4345,5000,138,2196,2712,1783,1262,1254,52,770,1254,1093,579,597,86,1426,1458,690,683,657
2021,4,A,골목상권,1000845,강남대로34길,1734,1204,530,13,349,492,398,253,229,12,174,359,306,178,175,1,175,133,92,75,54
2021,4,R,전통시장,1001371,대조시장,15,7,8,0,1,4,8,2,0,0,0,1,5,1,0,0,1,3,3,1,0
2021,4,A,골목상권,1000078,한강대로15길,774,417,357,2,166,273,182,92,59,2,54,127,119,69,46,0,112,146,63,23,13
2021,4,D,발달상권,1001020,장지역,4411,3129,1282,15,643,1002,1018,951,782,10,362,688,749,689,631,5,281,314,269,262,151
2021,4,D,발달상권,1001077,선릉역_1,16454,10830,5624,44,4479,4844,3312,2334,1441,27,2322,3250,2441,1722,1068,17,2157,1594,871,612,373
2021,4,D,발달상권,1001208,서울 중구 을지로3가역_2,3181,2166,1015,5,367,777,795,650,587,1,169,518,553,463,462,4,198,259,242,187,125
2021,4,A,골목상권,1000927,선릉로146길,1123,536,587,3,246,393,245,144,92,2,66,174,142,90,62,1,180,219,103,54,30
2021,4,R,전통시장,1001413,까치산시장,114,35,79,0,16,17,35,29,17,0,4,6,8,9,8,0,12,11,27,20,9
2021,4,A,골목상권,1000158,자양로11길,646,250,396,0,172,118,124,144,88,0,40,33,46,78,53,0,132,85,78,66,35
2021,4,A,골목상권,1000436,독립문로8길,679,422,257,2,64,107,167,236,103,2,33,60,104,147,76,0,31,47,63,89,27
2021,4,A,골목상권,1000714,신길로17길,676,289,387,0,68,156,269,145,38,0,40,67,78,68,36,0,28,89,191,77,2
2021,4,R,전통시장,1001353,수유전통시장,231,55,176,1,36,34,35,68,57,0,1,7,13,12,22,1,35,27,22,56,35
2021,4,A,골목상권,1000431,통일로69길,107,55,52,0,18,23,35,21,10,0,10,13,16,10,6,0,8,10,19,11,4
2021,4,A,골목상권,1000730,영등포로80길,96,48,48,0,5,18,10,40,23,0,1,5,7,20,15,0,4,13,3,20,8
2021,4,D,발달상권,1001213,종각역 젊음의 거리,13040,3576,9464,48,2566,4337,4204,1653,232,13,802,1471,897,264,129,35,1764,2866,3307,1389,103
2021,4,A,골목상권,1000527,목동중앙북로16길,488,190,298,0,115,112,107,105,49,0,33,43,53,39,22,0,82,69,54,66,27
2021,4,A,골목상권,1000535,신월로20길,47,30,17,0,3,6,10,16,12,0,3,2,4,12,9,0,0,4,6,4,3
2021,4,A,골목상권,1000970,고덕로61길,137,93,44,0,6,23,29,31,48,0,4,14,18,15,42,0,2,9,11,16,6
2021,4,A,골목상권,1000509,곰달래로2길,610,344,266,1,82,114,132,187,94,0,40,70,72,104,58,1,42,44,60,83,36
2021,4,A,골목상권,1000683,가마산로61길,47,35,12,0,3,6,13,11,14,0,2,4,10,9,10,0,1,2,3,2,4
2021,4,A,골목상권,1000417,응암로12길,67,32,35,0,13,17,17,16,4,0,3,7,8,10,4,0,10,10,9,6,0
2021,4,D,발달상권,1001179,강서구청,4278,2468,1810,2,621,1337,1106,1004,208,1,238,701,650,729,149,1,383,636,456,275,59
2021,4,A,골목상권,1000802,남현3길,372,256,116,0,32,59,134,74,73,0,12,39,95,57,53,0,20,20,39,17,20
2021,4,A,골목상권,1000559,강서로45길,101,43,58,0,7,21,36,15,22,0,2,7,14,5,15,0,5,14,22,10,7
2021,4,D,발달상권,1001087,서울 강남구 선릉역_2,40183,20392,19791,100,7240,10457,10558,10272,1556,54,4770,7267,4954,2337,1010,46,2470,3190,5604,7935,546
2021,4,R,전통시장,1001340,정릉시장,131,72,59,0,4,16,38,46,27,0,2,9,23,22,16,0,2,7,15,24,11
2021,4,A,골목상권,1000488,신촌로12길,197,95,102,2,20,37,52,50,36,1,7,22,26,17,22,1,13,15,26,33,14
2021,4,A,골목상권,1000684,경인로77길,741,512,229,1,60,174,194,178,134,1,39,118,136,109,109,0,21,56,58,69,25
2021,4,A,골목상권,1000870,서초대로23길,2098,1239,859,3,439,633,477,297,249,2,200,388,311,176,162,1,239,245,166,121,87
2021,4,A,골목상권,1000441,세무서2길,186,77,109,0,25,34,44,47,36,0,4,20,18,22,13,0,21,14,26,25,23
2021,4,R,전통시장,1001307,능동로골목시장,56,42,14,0,1,5,4,7,39,0,1,1,4,2,34,0,0,4,0,5,5
2021,4,A,골목상권,1000591,양천로14길,257,143,114,0,18,54,68,73,44,0,10,29,32,40,32,0,8,25,36,33,12
2021,4,A,골목상권,1000540,은행정로5길,109,57,52,0,12,27,18,26,26,0,6,12,9,14,16,0,6,15,9,12,10
2021,4,A,골목상권,1000865,사임당로17길,1939,1273,666,10,414,648,407,270,190,9,211,425,306,183,139,1,203,223,101,87,51
2021,4,A,골목상권,1000515,남부순환로70길,165,101,64,0,15,21,55,52,22,0,10,7,31,35,18,0,5,14,24,17,4
2021,4,A,골목상권,1000564,강서로5나길,360,221,139,3,39,98,122,74,24,2,18,62,79,40,20,1,21,36,43,34,4
2021,4,R,전통시장,1001403,신월7동골목시장,24,16,8,0,0,2,7,6,9,0,0,0,5,4,7,0,0,2,2,2,2
2021,4,A,골목상권,1000662,독산로50길,27,6,21,0,3,2,8,6,8,0,1,0,1,2,2,0,2,2,7,4,6
2021,4,A,골목상권,1000526,목동중앙본로7길,131,70,61,0,19,29,29,34,20,0,11,14,9,19,17,0,8,15,20,15,3
2021,4,A,골목상권,1000354,덕릉로60길,177,126,51,0,12,40,54,53,18,0,4,32,36,37,17,0,8,8,18,16,1
2021,4,A,골목상권,1000803,남현길,117,28,89,0,14,19,24,32,28,0,4,6,14,2,2,0,10,13,10,30,26
2021,4,A,골목상권,1000624,고척로52길,40,27,13,0,2,1,10,11,16,0,2,1,7,6,11,0,0,0,3,5,5
2021,4,A,골목상권,1000572,곰달래로53길,130,89,41,0,8,22,40,31,29,0,6,17,18,24,24,0,2,5,22,7,5
2021,4,A,골목상권,1000883,효령로72길,3428,2690,738,7,604,936,778,964,139,4,401,657,668,859,101,3,203,279,110,105,38
2021,4,A,골목상권,1000066,원효로41길,243,153,90,2,59,54,52,50,26,2,30,39,32,26,24,0,29,15,20,24,2
2021,4,D,발달상권,1001043,동작구 총신대입구역_2,1633,741,892,7,182,310,326,418,390,5,69,155,176,153,183,2,113,155,150,265,207
2021,4,A,골목상권,1000457,홍제내길,565,201,364,1,59,87,134,169,115,1,19,39,59,43,40,0,40,48,75,126,75
2021,4,A,골목상권,1000226,공릉로2길,148,69,79,0,7,25,40,48,28,0,5,10,13,18,23,0,2,15,27,30,5
2021,4,D,발달상권,1001144,국회의사당역_2,19439,11619,7820,54,4443,6681,4812,2304,1145,21,2014,3953,3277,1552,802,33,2429,2728,1535,752,343
2021,4,A,골목상권,1001009,천호옛길,420,288,132,0,84,94,82,78,82,0,58,67,57,45,61,0,26,27,25,33,21
2021,4,A,골목상권,1000380,동일로192길,429,326,103,1,32,47,88,121,140,1,18,32,50,96,129,0,14,15,38,25,11
2021,4,A,골목상권,1000728,영등포로35길,340,192,148,1,27,80,71,65,96,1,15,45,46,36,49,0,12,35,25,29,47
2021,4,R,전통시장,1001364,방학동도깨비시장,39,16,23,0,2,6,12,12,7,0,0,1,5,8,2,0,2,5,7,4,5
2021,4,A,골목상권,1000752,사당로26길,321,199,122,2,20,44,96,120,39,1,3,30,61,70,34,1,17,14,35,50,5
2021,4,A,골목상권,1000996,올림픽로78길,115,58,57,0,17,27,26,24,21,0,9,9,12,11,17,0,8,18,14,13,4
2021,4,A,골목상권,1000412,은평로10길,246,148,98,1,14,29,40,49,113,0,8,9,16,28,87,1,6,20,24,21,26
2021,4,D,발달상권,1001191,왕십리역_1,8,2,6,0,0,1,4,2,1,0,0,0,1,0,1,0,0,1,3,2,0
2021,4,A,골목상권,1000435,가재울로6길,168,108,60,0,17,16,39,61,35,0,12,9,22,39,26,0,5,7,17,22,9
2021,4,A,골목상권,1000917,삼성로115길,839,429,410,1,157,205,225,174,77,1,53,92,125,100,58,0,104,113,100,74,19
2021,4,A,골목상권,1000783,관악로30길,140,51,89,2,37,32,31,26,12,2,17,10,9,9,4,0,20,22,22,17,8
2021,4,A,골목상권,1000359,도봉로109길,276,223,53,0,40,48,94,66,28,0,29,36,76,59,23,0,11,12,18,7,5
2021,4,A,골목상권,1000563,강서로5가길,182,98,84,0,14,25,43,58,42,0,7,11,22,31,27,0,7,14,21,27,15
2021,4,R,전통시장,1001442,신노량진시장,11,3,8,0,0,3,3,5,0,0,0,0,1,2,0,0,0,3,2,3,0
2021,4,A,골목상권,1000117,왕십리로21길,164,77,87,0,34,34,27,32,37,0,11,17,11,14,24,0,23,17,16,18,13
2021,4,A,골목상권,1000351,한천로140길,36,25,11,0,1,9,8,5,13,0,0,6,6,4,9,0,1,3,2,1,4
2021,4,A,골목상권,1000230,동일로112길,193,120,73,0,18,29,52,46,48,0,10,10,31,32,37,0,8,19,21,14,11
2021,4,D,발달상권,1001149,한남오거리,823,524,299,3,163,333,191,82,51,2,70,214,145,55,38,1,93,119,46,27,13
2021,4,A,골목상권,1000965,오금로46길,711,359,352,3,94,140,176,210,88,2,48,80,96,87,46,1,46,60,80,123,42
2021,4,A,골목상권,1000897,논현로123길,162,106,56,1,28,40,50,25,18,0,12,30,36,19,9,1,16,10,14,6,9
2021,4,A,골목상권,1000787,국회단지길,1430,396,1034,9,229,316,339,460,77,0,41,118,114,96,27,9,188,198,225,364,50
2021,4,A,골목상권,1000492,양화로1길,544,248,296,0,67,88,131,157,101,0,32,40,68,75,33,0,35,48,63,82,68
2021,4,A,골목상권,1000220,휘경로2길,138,88,50,0,23,26,40,31,18,0,7,14,28,25,14,0,16,12,12,6,4
2021,4,A,골목상권,1000050,녹사평대로11길,107,78,29,0,23,42,27,9,6,0,12,34,18,8,6,0,11,8,9,1,0
2021,4,D,발달상권,1001059,교대역_3,1005,649,356,1,104,245,240,215,200,0,28,124,161,160,176,1,76,121,79,55,24
2021,4,R,전통시장,1001466,미성동도깨비시장,75,16,59,0,0,16,28,24,7,0,0,7,5,2,2,0,0,9,23,22,5
2021,4,A,골목상권,1000377,해등로16길,285,134,151,0,20,23,42,82,118,0,9,17,29,30,49,0,11,6,13,52,69
2021,4,D,발달상권,1001117,강남구 신사역_2,6953,3586,3367,33,2190,1609,1101,1118,902,11,811,807,685,587,685,22,1379,802,416,531,217
2021,4,A,골목상권,1000892,개포로82길,103,51,52,0,6,26,23,29,19,0,1,10,15,13,12,0,5,16,8,16,7
2021,4,A,골목상권,1000086,효창원로39길,163,87,76,0,9,33,42,46,33,0,2,13,21,27,24,0,7,20,21,19,9
2021,4,A,골목상권,1000160,자양로26길,141,91,50,0,10,30,45,28,28,0,6,18,29,15,23,0,4,12,16,13,5
2021,4,D,발달상권,1001103,코엑스,15904,8904,7000,59,3513,6185,4248,1596,303,25,1160,3361,2887,1246,225,34,2353,2824,1361,350,78
2021,4,R,전통시장,1001417,구로시장,10,5,5,0,0,4,6,0,0,0,0,1,4,0,0,0,0,3,2,0,0
2021,4,A,골목상권,1000988,양재대로124길,435,258,177,0,29,76,125,120,85,0,20,52,75,60,51,0,9,24,50,60,34
2021,4,A,골목상권,1000674,시흥대로150길,421,278,143,1,82,92,94,83,69,0,43,62,70,53,50,1,39,30,24,30,19
2021,4,U,관광특구,1001492,명동 남대문 북창동 다동 무교동 관광특구,104830,53674,51156,423,27134,34007,23384,15726,4156,137,8860,16080,15133,10824,2640,286,18274,17927,8251,4902,1516
2021,4,R,전통시장,1001483,암사종합시장,95,53,42,0,8,18,33,20,16,0,4,9,18,10,12,0,4,9,15,10,4
2021,4,R,전통시장,1001480,새마을시장,208,122,86,0,35,31,56,53,33,0,17,15,37,39,14,0,18,16,19,14,19
2021,4,R,전통시장,1001368,연서시장,206,144,62,0,17,47,43,56,43,0,4,23,30,47,40,0,13,24,13,9,3
2021,4,A,골목상권,1000545,중앙로45길,1386,1342,44,0,14,19,51,173,1129,0,9,11,35,164,1123,0,5,8,16,9,6
2021,4,D,발달상권,1001037,양재역,904,474,430,2,144,240,244,158,116,2,51,106,127,103,85,0,93,134,117,55,31
2021,4,D,발달상권,1001028,서울 관악구 서울대입구역_2,57,28,29,0,8,5,19,8,17,0,3,1,6,5,13,0,5,4,13,3,4
2021,4,R,전통시장,1001418,남구로시장,236,135,101,1,16,48,57,60,54,0,7,29,29,32,38,1,9,19,28,28,16
2021,4,D,발달상권,1001182,홍익대학교 주변,8725,5062,3663,86,2052,2308,1888,1433,958,58,988,1319,1181,821,695,28,1064,989,707,612,263
2021,4,A,골목상권,1000432,통일로78길,172,60,112,0,20,38,50,40,24,0,4,12,17,15,12,0,16,26,33,25,12
2021,4,A,골목상권,1000815,신림동길,669,435,234,1,53,110,177,179,149,1,27,61,105,119,122,0,26,49,72,60,27
2021,4,D,발달상권,1001244,경희대학교,70,24,46,0,9,19,16,11,15,0,5,7,5,3,4,0,4,12,11,8,11
2021,4,A,골목상권,1000138,능동로19길,133,77,56,0,45,24,25,24,15,0,19,18,13,15,12,0,26,6,12,9,3
2021,4,D,발달상권,1001046,서울 관악구 신림역_4,332,165,167,0,34,58,100,77,63,0,8,27,59,29,42,0,26,31,41,48,21
2021,4,A,골목상권,1000463,독막로22길,91,61,30,0,16,26,27,12,10,0,8,20,13,11,9,0,8,6,14,1,1
2021,4,A,골목상권,1000960,양재대로64길,1212,705,507,4,120,281,322,334,151,1,60,186,205,162,91,3,60,95,117,172,60
2021,4,R,전통시장,1001433,영일시장,155,115,40,1,18,41,43,36,16,0,7,30,37,27,14,1,11,11,6,9,2
2021,4,A,골목상권,1000135,긴고랑로8길,947,573,374,0,167,301,198,155,126,0,68,162,131,105,107,0,99,139,67,50,19
2021,4,A,골목상권,1000154,아차산로65길,357,214,143,1,44,80,107,78,47,0,21,46,57,54,36,1,23,34,50,24,11
2021,4,A,골목상권,1000700,도림로147길,334,255,79,0,24,50,87,113,60,0,17,37,62,90,49,0,7,13,25,23,11
2021,4,R,전통시장,1001299,한아름시장,40,29,11,0,5,6,6,10,13,0,4,4,5,6,10,0,1,2,1,4,3
2021,4,A,골목상권,1000919,삼성로57길,3231,1896,1335,9,676,979,832,548,187,4,213,563,544,426,146,5,463,416,288,122,41
2021,4,D,발달상권,1001096,신도림역,1674,907,767,13,244,428,478,337,174,7,100,217,233,208,142,6,144,211,245,129,32
2021,4,A,골목상권,1000746,만양로8길,824,512,312,3,78,170,217,204,152,2,36,101,143,143,87,1,42,69,74,61,65
2021,4,R,전통시장,1001308,영동교골목시장,41,30,11,0,8,12,3,8,10,0,3,12,1,6,8,0,5,0,2,2,2
2021,4,A,골목상권,1000710,선유로55길,416,273,143,3,71,86,114,91,51,3,41,53,76,63,37,0,30,33,38,28,14
2021,4,A,골목상권,1000106,성덕정17길,393,244,149,4,59,82,82,93,73,4,36,55,51,53,45,0,23,27,31,40,28
2021,4,A,골목상권,1000278,삼선교로10길,186,110,76,2,15,35,53,49,32,0,10,17,26,33,24,2,5,18,27,16,8
2021,4,A,골목상권,1000837,행운길,557,428,129,2,61,163,120,107,104,0,31,118,92,90,97,2,30,45,28,17,7
2021,4,A,골목상권,1000902,논현로63길,2139,1352,787,8,401,563,537,376,254,1,182,354,380,255,180,7,219,209,157,121,74
2021,4,A,골목상권,1000345,인수봉로79길,242,153,89,0,40,74,66,41,21,0,21,60,45,14,13,0,19,14,21,27,8
2021,4,A,골목상권,1000484,성산로4길,855,546,309,4,168,199,217,195,72,2,93,126,125,145,55,2,75,73,92,50,17
2021,4,A,골목상권,1000397,수색로18길,128,93,35,0,11,15,39,43,20,0,6,11,28,30,18,0,5,4,11,13,2
2021,4,A,골목상권,1000112,송정4가길,291,123,168,0,32,46,81,63,69,0,5,16,22,25,55,0,27,30,59,38,14
2021,4,A,골목상권,1000251,봉화산로4길,58,30,28,0,11,11,17,9,10,0,6,5,10,3,6,0,5,6,7,6,4
2021,4,A,골목상권,1000523,목동중앙남로3가길,190,108,82,2,24,47,46,38,33,2,5,26,22,24,29,0,19,21,24,14,4
2021,4,A,골목상권,1000277,보문로32길,267,128,139,0,26,65,64,66,46,0,6,34,34,32,22,0,20,31,30,34,24
2021,4,A,골목상권,1000200,장한로27길,167,119,48,1,28,42,40,24,32,1,21,36,25,18,18,0,7,6,15,6,14
2021,4,A,골목상권,1000754,사당로2차길,324,216,108,1,33,57,86,97,50,0,21,30,53,69,43,1,12,27,33,28,7
2021,4,R,전통시장,1001391,망원월드컵시장,190,123,67,1,26,69,53,25,16,1,14,43,35,16,14,0,12,26,18,9,2
2021,4,A,골목상권,1000869,서초대로15길,467,253,214,5,84,80,111,114,73,2,37,44,67,66,37,3,47,36,44,48,36
2021,4,R,전통시장,1001274,신중부시장,3089,921,2168,8,1868,593,250,198,172,3,316,189,171,120,122,5,1552,404,79,78,50
2021,4,A,골목상권,1000018,종로58가길,137,71,66,0,28,27,35,24,23,0,3,14,19,18,17,0,25,13,16,6,6
2021,4,A,골목상권,1000770,여의대방로22길,241,128,113,0,29,37,66,70,39,0,11,17,31,42,27,0,18,20,35,28,12
2021,4,R,전통시장,1001295,행당시장,314,140,174,0,44,60,95,76,39,0,15,25,42,33,25,0,29,35,53,43,14
2021,4,A,골목상권,1000702,도림천로21길,236,157,79,0,17,24,33,49,113,0,12,14,21,25,85,0,5,10,12,24,28
2021,4,A,골목상권,1000261,길음로7길,14,5,9,0,1,1,7,1,4,0,0,0,1,1,3,0,1,1,6,0,1
2021,4,A,골목상권,1000097,매봉길,60,30,30,1,8,22,10,13,6,0,2,11,7,6,4,1,6,11,3,7,2
2021,4,A,골목상권,1000722,여의대방로35길,197,65,132,1,27,55,49,39,26,1,8,10,15,14,17,0,19,45,34,25,9
2021,4,A,골목상권,1000238,동일로163길,112,67,45,0,9,23,28,25,27,0,1,12,24,11,19,0,8,11,4,14,8
2021,4,A,골목상권,1000975,동남로82길,108,64,44,0,12,28,29,18,21,0,5,14,18,11,16,0,7,14,11,7,5
2021,4,R,전통시장,1001279,동평화시장,178,121,57,0,17,34,34,64,29,0,8,24,21,44,24,0,9,10,13,20,5
2021,4,A,골목상권,1000640,도림로12길,186,124,62,0,41,78,44,14,9,0,24,53,36,6,5,0,17,25,8,8,4
2021,4,R,전통시장,1001313,청량리수산시장,20,11,9,0,1,5,6,3,5,0,0,5,3,0,3,0,1,0,3,3,2
2021,4,R,전통시장,1001398,월정로시장,61,42,19,0,4,16,16,17,8,0,0,11,10,14,7,0,4,5,6,3,1
2021,4,A,골목상권,1000968,고덕로10길,738,335,403,0,46,53,39,69,531,0,11,35,16,24,249,0,35,18,23,45,282
2021,4,A,골목상권,1000036,동호로15길,1161,835,326,6,228,448,321,118,40,1,134,338,252,80,30,5,94,110,69,38,10
